1 0.025781000000000002 0.320166 0.051562000000000004 0.220374
1 0.0593755 0.195426 0.03437500000000001 0.049895999999999996
1 0.1320315 0.3846155 0.17968699999999999 0.291061
1 0.11171900000000001 0.545738 0.07343800000000002 0.09355599999999992
1 0.20156249999999998 0.1153845 0.021875000000000006 0.03534300000000001
1 0.3117185 0.3555095 0.226563 0.34511499999999995
1 0.4890625 0.3970895 0.19687500000000002 0.31185099999999993
1 0.725781 0.39085249999999994 0.22343800000000003 0.3326409999999999
1 0.6476565000000001 0.19438650000000002 0.04843699999999995 0.068607
1 0.7117184999999999 0.12266099999999999 0.17031300000000005 0.22037400000000001
1 0.7734375 0.527027 0.078125 0.05613399999999996
1 0.8289065 0.072765 0.13906299999999994 0.14553
1 0.807031 0.22037399999999996 0.07968800000000009 0.10394999999999996
1 0.869531 0.52079 0.07656200000000002 0.05613399999999996
1 0.9882815 0.432432 0.020312999999999914 0.095634
