3 0.0159375 0.0164165 0.021875 0.027205
3 0.0490625 0.017354500000000002 0.029375 0.025329
3 0.0971875 0.177298 0.020625000000000004 0.020638000000000017
3 0.11906249999999999 0.29502799999999996 0.013124999999999984 0.021575999999999984
3 0.135625 0.066604 0.017500000000000016 0.022514
3 0.135625 0.0290805 0.015000000000000013 0.028142999999999994
3 0.1446875 0.23076950000000002 0.013124999999999998 0.013133000000000006
3 0.2046875 0.2030955 0.030625000000000013 0.03470899999999999
3 0.21000000000000002 0.0150095 0.017499999999999988 0.030019
3 0.2303125 0.1894935 0.020625000000000004 0.018760999999999972
3 0.23375 0.128987 0.013750000000000012 0.017823999999999993
3 0.2559375 0.086773 0.020624999999999977 0.02532799999999999
3 0.264375 0.0379925 0.021250000000000047 0.030957000000000005
3 0.3059375 0.20684799999999998 0.018125000000000002 0.01594799999999999
3 0.3371875 0.086773 0.021875000000000033 0.02532799999999999
3 0.3471875 0.142589 0.018125000000000002 0.02063799999999999
3 0.36031250000000004 0.033770999999999995 0.021875000000000033 0.022514
3 0.36312500000000003 0.101313 0.016250000000000042 0.018762
3 0.3984375 0.1242965 0.018124999999999947 0.027204999999999993
3 0.4296875 0.11632300000000001 0.011874999999999969 0.018762
3 0.499375 0.27345200000000003 0.014999999999999958 0.02532799999999996
3 0.5284375 0.25891200000000003 0.01187500000000008 0.018762
3 0.5365625 0.20590999999999998 0.015625 0.01782399999999998
3 0.5884375 0.152908 0.016875000000000084 0.01876200000000003
3 0.6134375000000001 0.040807 0.018125000000000058 0.021576
3 0.7171875 0.023921 0.023125000000000062 0.027204
3 0.7409375 0.17120049999999998 0.011874999999999969 0.014070999999999972
3 0.7909375000000001 0.0075045 0.024374999999999925 0.015009
3 0.825625 0.108818 0.018749999999999933 0.018762
3 0.858125 0.12242 0.012499999999999956 0.019699999999999995
