3 0.0190625 0.244591 0.038125 0.07713999999999999
3 0.0640625 0.21777950000000001 0.025625000000000002 0.034807000000000005
3 0.0665625 0.186736 0.020624999999999998 0.03104399999999999
3 0.1446875 0.363123 0.07187500000000001 0.09783599999999998
3 0.19374999999999998 0.20790199999999998 0.04000000000000001 0.062088000000000004
3 0.20875 0.37394150000000004 0.04874999999999999 0.06867299999999998
3 0.541875 0.5070555 0.5225 0.40075299999999997
3 0.3815625 0.23283199999999998 0.033125000000000016 0.03856999999999999
3 0.43343750000000003 0.159454 0.019374999999999976 0.03856999999999999
3 0.475 0.41815599999999997 0.053749999999999964 0.10818399999999995
3 0.54875 0.2864535 0.05249999999999999 0.04045099999999996
3 0.6409374999999999 0.272813 0.03187499999999999 0.07149600000000003
3 0.748125 0.368768 0.04125000000000001 0.06397000000000003
3 0.7615625 0.25634999999999997 0.024375000000000036 0.038569999999999965
3 0.7878125 0.2417685 0.038124999999999964 0.07525899999999996
3 0.9325 0.072907 0.012499999999999956 0.02351799999999999
3 0.98125 0.0258705 0.012500000000000067 0.021636999999999997
