3 0.04125 0.523312 0.0175 0.046624
3 0.045312500000000006 0.5876205 0.025625000000000002 0.06913100000000005
3 0.0471875 0.5546625000000001 0.021875000000000006 0.04180100000000009
3 0.07718749999999999 0.5988745 0.028124999999999997 0.08520900000000009
3 0.2715625 0.516881 0.02562500000000001 0.046624000000000054
3 0.3040625 0.483119 0.030625000000000013 0.04662400000000011
3 0.329375 0.5426045 0.03624999999999995 0.065917
3 0.39375 0.34083600000000003 0.04625000000000001 0.135048
3 0.43437499999999996 0.37861700000000004 0.04375000000000001 0.07877800000000001
3 0.4459375 0.5313505000000001 0.02562500000000001 0.062701
3 0.6515625 0.3882635 0.375625 0.5546629999999999
3 0.4984375 0.2564305 0.03562499999999996 0.08520899999999998
3 0.5615625 0.30627000000000004 0.020625000000000004 0.07234800000000002
3 0.6 0.173633 0.06125000000000003 0.125402
3 0.686875 0.7146305 0.04875000000000007 0.08520899999999998
3 0.7240625 0.6599675 0.025624999999999898 0.062701
3 0.8215625 0.3384245 0.06937499999999996 0.05948500000000001
3 0.83125 0.5329585 0.057499999999999996 0.08520900000000003
3 0.8528125 0.323955 0.06812499999999999 0.10128599999999999
3 0.920625 0.2700965 0.09624999999999995 0.131833
3 0.921875 0.43247599999999997 0.04249999999999998 0.12218599999999996
3 0.9337500000000001 0.460611 0.04749999999999999 0.15916400000000003
