3 0.49921899999999997 0.8041670000000001 0.9984379999999999 0.38750000000000007
3 0.09062500000000001 0.665625 0.034376000000000004 0.05208400000000002
3 0.14453149999999998 0.6614585 0.02968699999999999 0.03541699999999992
3 0.1742185 0.6854165000000001 0.039063000000000014 0.04166700000000001
3 0.171875 0.719792 0.03125 0.043749999999999956
3 0.200781 0.628125 0.026562000000000002 0.03125
3 0.203125 0.704167 0.03125 0.050000000000000044
3 0.221094 0.653125 0.03281199999999998 0.05208400000000002
3 0.24218699999999999 0.690625 0.03125 0.035416
3 0.24531250000000002 0.5510415 0.02812500000000001 0.04791699999999999
3 0.24609399999999998 0.604167 0.02031199999999997 0.03750000000000009
3 0.2890625 0.6583334999999999 0.04374899999999993 0.04166700000000001
3 0.30625 0.603125 0.03437600000000002 0.039584000000000064
3 0.310156 0.6416665 0.029688000000000048 0.04583300000000001
3 0.40312499999999996 0.655208 0.03437399999999996 0.043749999999999956
3 0.46875 0.4375 0.11874999999999997 0.11250000000000004
3 0.43593800000000005 0.5406249999999999 0.024999999999999967 0.027083999999999997
3 0.44453149999999997 0.6635415 0.03281300000000004 0.03541700000000003
3 0.4500005 0.6343749999999999 0.021874999999999978 0.035416
3 0.4632815 0.5979165 0.017186999999999952 0.029167000000000054
3 0.557031 0.534375 0.051562 0.10208399999999995
3 0.590625 0.359375 0.05312600000000001 0.13541599999999998
3 0.6242185 0.37604150000000003 0.057813 0.10208299999999998
3 0.6859375 0.41041700000000003 0.09687500000000004 0.125
3 0.7835939999999999 0.553125 0.11718799999999996 0.07291599999999998
3 0.980469 0.5791664999999999 0.035937999999999914 0.029167000000000054
3 0.983594 0.497917 0.023437999999999848 0.025000000000000022
