3 0.052222000000000005 0.5122225 0.014074000000000003 0.01333300000000004
3 0.0862965 0.6438889999999999 0.05703700000000002 0.036665999999999976
3 0.134444 0.503889 0.014074000000000003 0.016666000000000014
3 0.280741 0.54 0.035555999999999977 0.03111200000000014
3 0.33 0.5377780000000001 0.03481400000000001 0.03555600000000003
3 0.402222 0.5261115000000001 0.005925999999999987 0.03888900000000006
3 0.40666650000000004 0.5244445 0.014814999999999967 0.028889000000000054
3 0.442963 0.532222 0.04888799999999999 0.04222199999999998
3 0.43 0.5116665 0.020000000000000018 0.016666999999999987
3 0.6951849999999999 0.5177780000000001 0.015556000000000014 0.02444400000000002
3 0.7285185000000001 0.5377780000000001 0.030371000000000037 0.03777799999999998
3 0.754815 0.482778 0.022221999999999964 0.010000000000000009
3 0.8107405 0.6283335 0.03333300000000006 0.03444500000000006
3 0.9577775000000001 0.431667 0.01333300000000004 0.02777800000000008
