3 0.08287900000000001 0.657143 0.05234399999999999 0.03537400000000002
3 0.1439475 0.217687 0.032714999999999994 0.04081599999999996
3 0.1581245 0.2884355 0.03489700000000001 0.027210999999999985
3 0.19847350000000002 0.217007 0.023991000000000012 0.03401399999999999
3 0.202835 0.6741495 0.026172 0.028571000000000013
3 0.239913 0.217687 0.03489600000000001 0.03537399999999996
3 0.25899700000000003 0.19047599999999998 0.020720000000000016 0.04353799999999999
3 0.266085 0.2238095 0.01962999999999998 0.03129299999999999
3 0.2917125 0.22449 0.04034899999999997 0.04081600000000002
3 0.3549615 0.22585000000000002 0.031625000000000014 0.054422000000000026
3 0.3653215 0.657143 0.039259000000000044 0.02176800000000001
3 0.3854965 0.2272105 0.03598699999999999 0.03809499999999999
3 0.38713200000000003 0.6857145 0.039258000000000015 0.027210999999999874
3 0.43620499999999995 0.22653050000000002 0.037078 0.03129299999999999
3 0.44274800000000003 0.7435375 0.03925800000000007 0.031293000000000015
3 0.4601965 0.765986 0.05016300000000001 0.03537400000000002
3 0.48855000000000004 0.557823 0.06325000000000003 0.05986400000000003
3 0.4890945 0.25238099999999997 0.04907300000000009 0.05578199999999994
3 0.480371 0.729932 0.029444000000000026 0.023130000000000095
3 0.4836425 0.6931975 0.022901000000000005 0.03673499999999996
3 0.494002 0.232653 0.039258000000000126 0.024490000000000012
3 0.52181 0.7163265 0.04252999999999996 0.03401300000000007
3 0.519084 0.19931949999999998 0.026172000000000084 0.047618999999999995
3 0.566521 0.23401349999999999 0.03380599999999989 0.032653000000000015
3 0.5970555 0.7346935 0.062158999999999964 0.057142999999999944
3 0.5861505 0.23197299999999998 0.027262999999999926 0.055782
3 0.60578 0.232653 0.02071999999999996 0.03537400000000002
3 0.6515815 0.48911550000000004 0.09487499999999993 0.028570999999999958
3 0.6319520000000001 0.2380955 0.033806000000000114 0.057143
3 0.654853 0.2360545 0.033806 0.055783
3 0.697383 0.397279 0.11886599999999992 0.024490000000000012
3 0.6793895 0.2360545 0.03925899999999993 0.047618999999999995
3 0.6924755 0.776871 0.04580099999999998 0.03537400000000002
3 0.727372 0.23809550000000002 0.04361999999999999 0.051701000000000025
3 0.749182 0.23401349999999999 0.039258000000000015 0.05170099999999997
3 0.7840784999999999 0.2462585 0.039259000000000044 0.06802699999999998
3 0.8031625 0.8040815 0.055616999999999917 0.03265300000000004
3 0.8200655000000001 0.24421749999999998 0.04362100000000002 0.053061
3 0.8522355000000001 0.7755099999999999 0.0359870000000001 0.05442200000000008
3 0.9105780000000001 0.242177 0.04798199999999997 0.051700000000000024
