3 0.031875 0.44887449999999995 0.05375 0.09474699999999997
3 0.0321875 0.19043149999999998 0.019375000000000003 0.03001899999999999
3 0.0784375 0.584428 0.088125 0.13508399999999998
3 0.07343749999999999 0.261257 0.026874999999999996 0.03095600000000001
3 0.0815625 0.141182 0.015625 0.029079999999999995
3 0.0896875 0.104597 0.024374999999999994 0.021575999999999984
3 0.1325 0.37101300000000004 0.10375000000000001 0.10412800000000005
3 0.1609375 0.6599435 0.115625 0.18105099999999996
3 0.1571875 0.25 0.02812500000000001 0.02345200000000003
3 0.2034375 0.0375235 0.02812500000000001 0.03189500000000001
3 0.22625 0.3855535 0.012500000000000011 0.016884999999999983
3 0.2603125 0.0492495 0.03437500000000002 0.032833
3 0.30593750000000003 0.3203565 0.12062500000000001 0.12476500000000001
3 0.3325 0.1904315 0.09749999999999998 0.10694100000000001
3 0.3028125 0.1374295 0.026874999999999982 0.029080999999999982
3 0.36343749999999997 0.3625705 0.09187499999999998 0.07035699999999995
3 0.3678125 0.47654799999999997 0.085625 0.15759800000000007
3 0.428125 0.664634 0.08625 0.04784200000000005
3 0.4084375 0.26547849999999995 0.02812500000000001 0.026266999999999985
3 0.48 0.2983115 0.08499999999999996 0.07317099999999999
3 0.56375 0.1055345 0.08499999999999996 0.147279
3 0.5646875 0.48170699999999994 0.06937499999999996 0.12851800000000002
3 0.5434375 0.23968099999999998 0.021874999999999978 0.02532799999999999
3 0.5703125 0.208724 0.01937499999999992 0.021575999999999984
3 0.6459375 0.8119135 0.083125 0.11913700000000005
3 0.835 0.6636960000000001 0.09250000000000003 0.05722400000000005
3 0.973125 0.3316135 0.05125000000000002 0.136023
