3 0.025 0.0516665 0.042499999999999996 0.046667
3 0.0553125 0.41333299999999995 0.06437499999999999 0.04999999999999999
3 0.045625 0.56125 0.037500000000000006 0.060834000000000055
3 0.149375 0.8987499999999999 0.07 0.04583400000000004
3 0.143125 0.344167 0.03875000000000001 0.040000000000000036
3 0.16562500000000002 0.5083335 0.06375 0.051667000000000074
3 0.15437499999999998 0.7583335 0.03874999999999998 0.08333299999999999
3 0.20875 0.16833299999999998 0.03375 0.06
3 0.22375 0.34875 0.04999999999999999 0.07583400000000001
3 0.22625 0.9325 0.04500000000000001 0.04166599999999998
3 0.2596875 0.34875 0.048125 0.07083400000000001
3 0.2715625 0.6629165 0.05312499999999998 0.035833000000000004
3 0.285625 0.8529169999999999 0.034999999999999976 0.03749999999999998
3 0.339375 0.886667 0.07 0.040000000000000036
3 0.3490625 0.687083 0.03187499999999999 0.0774999999999999
3 0.4109375 0.34750000000000003 0.05812499999999998 0.03999999999999998
3 0.406875 0.12041650000000001 0.03999999999999998 0.070833
3 0.420625 0.6395835000000001 0.04624999999999996 0.04083300000000001
3 0.4696875 0.8608335 0.051875000000000004 0.06666700000000003
3 0.4865625 0.59375 0.06687500000000002 0.03583399999999992
3 0.49031250000000004 0.7429165 0.049375 0.08583300000000005
3 0.541875 0.3425 0.03875000000000006 0.04999999999999999
3 0.556875 0.576667 0.04499999999999993 0.08499999999999996
3 0.5840624999999999 0.8908335000000001 0.04312499999999997 0.04166700000000001
3 0.6228125 0.51125 0.06812499999999999 0.05750000000000005
3 0.6396875 0.3091665 0.05812499999999998 0.048333000000000015
3 0.7015625000000001 0.25625 0.06312499999999999 0.035834000000000005
3 0.6996875 0.964167 0.04937499999999995 0.07000000000000006
3 0.7178125 0.725833 0.06437499999999996 0.04500000000000004
3 0.7190624999999999 0.5025 0.06187500000000001 0.03999999999999998
3 0.7525 0.1454165 0.04375000000000007 0.030833
3 0.786875 0.8670835 0.05499999999999994 0.06916699999999998
3 0.7953125000000001 0.2554165 0.06437499999999996 0.04416700000000004
3 0.8103125 0.6741665 0.06062499999999993 0.061666999999999916
3 0.8209375 0.49916649999999996 0.059374999999999956 0.06666699999999998
3 0.856875 0.6670834999999999 0.039999999999999925 0.05916700000000008
3 0.865 0.83 0.04875000000000007 0.043333999999999984
3 0.8784375 0.29833350000000003 0.05312499999999998 0.06166699999999997
3 0.93625 0.437083 0.036250000000000004 0.07750000000000001
3 0.9650000000000001 0.7970835000000001 0.06874999999999998 0.0458329999999999
3 0.9665625 0.855 0.05312500000000009 0.058334
3 0.9859375 0.9254165 0.026874999999999982 0.04416700000000007
