3 0.1146875 0.1225 0.010624999999999996 0.02333400000000002
3 0.16843750000000002 0.8466665 0.021875000000000006 0.018332999999999933
3 0.1790625 0.16749999999999998 0.015625 0.009999999999999981
3 0.21999999999999997 0.857917 0.03 0.02749999999999997
3 0.2340625 0.17666700000000002 0.011874999999999997 0.014999999999999986
3 0.2896875 0.28625 0.011875000000000024 0.03416600000000003
3 0.6428125 0.5341670000000001 0.713125 0.4
3 0.32437499999999997 0.6829164999999999 0.011250000000000038 0.019167000000000045
3 0.33875 0.28958300000000003 0.01375000000000004 0.027500000000000024
3 0.3453125 0.3254165 0.014374999999999971 0.02083299999999999
3 0.36250000000000004 0.3604165 0.012500000000000011 0.02083299999999999
3 0.38 0.697917 0.008750000000000036 0.01750000000000007
3 0.38656250000000003 0.2845835 0.009374999999999967 0.014166999999999985
3 0.398125 0.31625000000000003 0.008750000000000036 0.02250000000000002
3 0.4325 0.3195835 0.007500000000000007 0.025832999999999995
3 0.474375 0.34375 0.013749999999999984 0.025834000000000024
3 0.5134375 0.31875 0.018124999999999947 0.017500000000000016
3 0.6209374999999999 0.8095829999999999 0.018125000000000058 0.02749999999999997
3 0.7015625 0.8887499999999999 0.014375000000000027 0.02416600000000002
3 0.7259375 0.31625000000000003 0.016874999999999973 0.025833999999999968
3 0.7984375 0.83375 0.046875 0.029166000000000025
3 0.8121875000000001 0.34375 0.010624999999999996 0.009166000000000007
3 0.8721875 0.3420835 0.014375000000000027 0.025832999999999995
3 0.8903125000000001 0.8716665 0.016875000000000084 0.016666999999999987
3 0.8978125 0.35333349999999997 0.01187500000000008 0.016667000000000043
3 0.9084375 0.3325 0.01187500000000008 0.016666000000000014
3 0.9521875 0.8070835000000001 0.016874999999999973 0.029167000000000054
3 0.9515625 0.7683335 0.008124999999999938 0.01333300000000004
3 0.9546875 0.3783335 0.014375000000000027 0.018332999999999988
3 0.9690624999999999 0.7770835 0.01937500000000003 0.02083299999999999
3 0.9746875 0.817083 0.015625 0.022499999999999964
3 0.9828125 0.3679165 0.018124999999999947 0.01916699999999999
