3 0.2784375 0.7795835 0.010624999999999996 0.019166999999999934
3 0.2990625 0.7604165 0.010624999999999996 0.019167000000000045
3 0.311875 0.7520835 0.007500000000000007 0.019166999999999934
3 0.33125 0.7304165 0.0050000000000000044 0.02416700000000005
3 0.3628125 0.7225 0.011875000000000024 0.011665999999999954
3 0.383125 0.702083 0.010000000000000009 0.022499999999999964
3 0.4128125 0.6845835 0.008124999999999993 0.025832999999999995
3 0.43062500000000004 0.67625 0.007500000000000007 0.019166000000000016
3 0.4371875 0.6579170000000001 0.010624999999999996 0.01749999999999996
3 0.44999999999999996 0.645 0.007500000000000007 0.021665999999999963
3 0.45906250000000004 0.630417 0.013124999999999998 0.01750000000000007
3 0.48375 0.6212500000000001 0.010000000000000009 0.025834000000000024
3 0.4921875 0.615 0.011874999999999969 0.01666600000000007
3 0.500625 0.5945830000000001 0.012499999999999956 0.02749999999999997
3 0.5128125 0.57875 0.01187500000000008 0.02416599999999991
3 0.5231250000000001 0.5625 0.011250000000000093 0.014999999999999902
3 0.5328124999999999 0.5358335000000001 0.010624999999999996 0.013332999999999928
3 0.558125 0.527917 0.006249999999999978 0.022499999999999964
3 0.5896875 0.1545835 0.014375000000000027 0.029167
3 0.5953125 0.18041649999999998 0.014375000000000027 0.029167000000000026
3 0.600625 0.5179165 0.01375000000000004 0.01416700000000004
3 0.6084375 0.1995835 0.009375000000000022 0.025832999999999995
3 0.6259375 0.2254165 0.013124999999999942 0.025832999999999995
3 0.6284375 0.5054164999999999 0.015625 0.02083299999999999
3 0.6375 0.4254165 0.015000000000000013 0.01916699999999999
3 0.6343749999999999 0.461667 0.006249999999999978 0.015000000000000013
3 0.63625 0.4820835 0.010000000000000009 0.025832999999999995
3 0.6503125000000001 0.44875 0.010624999999999996 0.017500000000000016
3 0.65625 0.42874999999999996 0.011249999999999982 0.02250000000000002
3 0.65875 0.24708349999999998 0.006249999999999978 0.024166999999999994
3 0.6715625000000001 0.41625 0.009375000000000022 0.02416600000000002
3 0.6756249999999999 0.2745835 0.01375000000000004 0.02083299999999999
3 0.6903125000000001 0.40541649999999996 0.010624999999999996 0.024166999999999994
3 0.6921875 0.30125 0.011874999999999969 0.02250000000000002
3 0.7028125000000001 0.3204165 0.011874999999999969 0.019167000000000045
3 0.7215625000000001 0.3970835 0.010624999999999996 0.02083299999999999
3 0.7246875 0.34791649999999996 0.014375000000000027 0.01916699999999999
3 0.7440625000000001 0.37124999999999997 0.011874999999999969 0.024165999999999965
3 0.7659374999999999 0.38625 0.009375000000000022 0.02083400000000002
