3 0.13625 0.2256095 0.039999999999999994 0.05347099999999999
3 0.16 0.07223299999999999 0.05125000000000002 0.090056
3 0.4253125 0.500938 0.023125000000000007 0.015009999999999968
3 0.4378125 0.4629455 0.030625000000000013 0.036585000000000034
3 0.465 0.43621 0.036250000000000004 0.016885999999999957
3 0.4884375 0.49108849999999993 0.02937500000000004 0.05347099999999999
3 0.51875 0.67167 0.036250000000000004 0.0262659999999999
3 0.5706249999999999 0.6726080000000001 0.03749999999999998 0.028142
3 0.595 0.7790805000000001 0.01375000000000004 0.030957000000000012
3 0.675 0.7847095 0.015000000000000013 0.03470899999999999
3 0.6871875000000001 0.796435 0.011874999999999969 0.02626600000000001
3 0.774375 0.40431549999999994 0.07625000000000004 0.07879900000000001
3 0.749375 0.8147275 0.01750000000000007 0.03283300000000011
3 0.8515625 0.8302065000000001 0.023125000000000062 0.03189500000000001
