3 0.8146875 0.783771 0.21187500000000004 0.197936
3 0.0796875 0.749062 0.035625000000000004 0.05909999999999993
3 0.1321875 0.7556285 0.03812499999999999 0.12288899999999991
3 0.18875 0.763602 0.12 0.24202599999999985
3 0.39625 0.6894935 0.49500000000000005 0.482177
3 0.2321875 0.7654785 0.04312499999999997 0.1763610000000001
3 0.27718750000000003 0.7645405000000001 0.03562499999999996 0.071295
3 0.35250000000000004 0.7720450000000001 0.058750000000000024 0.08630400000000005
3 0.37468749999999995 0.75 0.023125000000000007 0.06097599999999992
3 0.47875 0.7767355 0.0625 0.09193300000000004
3 0.5040625 0.781895 0.08437500000000003 0.16791800000000012
3 0.5562499999999999 0.7673545 0.04625000000000001 0.1275790000000001
3 0.5853125 0.7720454999999999 0.03687499999999999 0.09756100000000012
3 0.6165625 0.7748595 0.038124999999999964 0.09568500000000002
3 0.655 0.7856475 0.03874999999999995 0.11350900000000008
3 0.759375 0.7875235 0.05249999999999999 0.1397750000000001
