0 0.0953125 0.369159 0.058124999999999996 0.07663599999999998
0 0.12687500000000002 0.19626200000000002 0.05374999999999999 0.061682000000000015
0 0.130625 0.505607 0.06125 0.07102799999999992
0 0.233125 0.6485985 0.048750000000000016 0.06915899999999997
0 0.2521875 0.12336449999999999 0.06437499999999999 0.076635
0 0.366875 0.5654205 0.057499999999999996 0.06728899999999993
0 0.3725 0.24439249999999998 0.05874999999999997 0.09626099999999999
0 0.448125 0.43084100000000003 0.05625000000000002 0.07850400000000007
0 0.5 0.1686915 0.06000000000000005 0.08317700000000003
0 0.6584375 0.318224 0.07187499999999991 0.09065400000000001
0 0.7359374999999999 0.4981305 0.073125 0.08598099999999997
0 0.7571875 0.663084 0.07437500000000008 0.08317799999999997
