3 0.5871875 0.8083335 0.255625 0.17666700000000002
3 0.1 0.5387500000000001 0.16375 0.119166
3 0.083125 0.708333 0.1075 0.16500000000000004
3 0.329375 0.77125 0.15250000000000002 0.22249999999999992
3 0.3796875 0.4079165 0.17062500000000003 0.149167
3 0.43562500000000004 0.5966670000000001 0.11249999999999999 0.21000000000000002
3 0.6153124999999999 0.462083 0.280625 0.20249999999999996
3 0.8065625000000001 0.6154165 0.18437500000000007 0.269167
3 0.8631249999999999 0.2875 0.12249999999999994 0.20166599999999998
3 0.91875 0.6791665 0.16125 0.151667
3 0.9175 0.5387500000000001 0.08624999999999994 0.139166
