2 0.835625 0.43240449999999997 0.1775 0.227039
2 0.210625 0.47007200000000005 0.04999999999999999 0.03199200000000002
2 0.22875 0.473168 0.04250000000000001 0.04644000000000004
2 0.3515625 0.515996 0.016874999999999973 0.016512000000000082
2 0.3840625 0.492776 0.030624999999999958 0.04643999999999998
2 0.4040625 0.526832 0.011874999999999969 0.021672000000000025
2 0.46187500000000004 0.53612 0.006250000000000033 0.015479999999999938
2 0.47250000000000003 0.5278640000000001 0.007500000000000007 0.01960799999999996
2 0.49624999999999997 0.520124 0.006250000000000033 0.012384000000000062
2 0.5809375 0.537152 0.009374999999999911 0.013416000000000095
