3 0.029375 0.512083 0.0325 0.03750000000000003
3 0.056249999999999994 0.45 0.029999999999999992 0.04166599999999998
3 0.0665625 0.7483335 0.045625 0.05166700000000002
3 0.3075 0.6679170000000001 0.08999999999999997 0.0675
3 0.30000000000000004 0.51375 0.03375 0.030834000000000084
3 0.3359375 0.4929165 0.04437500000000005 0.034167
3 0.35406249999999995 0.37625 0.013124999999999998 0.027500000000000024
3 0.42593749999999997 0.415 0.02437499999999998 0.046665999999999985
3 0.443125 0.38875000000000004 0.026249999999999996 0.03916599999999998
3 0.500625 0.2125 0.011249999999999982 0.010000000000000009
3 0.5231250000000001 0.4604165 0.036250000000000004 0.030833
3 0.5349999999999999 0.48375 0.028749999999999942 0.04249999999999998
3 0.596875 0.5 0.03874999999999995 0.04166599999999998
3 0.750625 0.567083 0.0625 0.03750000000000009
