1 0.0325 0.6443924999999999 0.065 0.14299099999999998
1 0.286875 0.3028035 0.57375 0.605607
1 0.3275 0.5841125 0.06374999999999997 0.09532700000000005
1 0.38375000000000004 0.388785 0.05624999999999997 0.091588
1 0.4115625 0.6060749999999999 0.06062500000000004 0.10560800000000004
1 0.4546875 0.6186915 0.02812500000000001 0.07663500000000012
1 0.48281250000000003 0.6107475 0.07187500000000002 0.129907
1 0.6190625 0.574299 0.06812499999999999 0.114954
1 0.8259375 0.524766 0.22062500000000007 0.40654199999999996
1 0.9296875 0.541589 0.028124999999999956 0.03831799999999985
1 0.97875 0.52757 0.04125000000000001 0.10560799999999998
