3 0.2213885 0.643261 0.013758999999999966 0.029217999999999966
3 0.2808005 0.5989629999999999 0.01250699999999999 0.032987999999999906
3 0.297686 0.588124 0.015009999999999968 0.018850000000000033
3 0.31238299999999997 0.5744579999999999 0.014384000000000008 0.027332000000000023
3 0.39368349999999996 0.5179075 0.01563500000000001 0.02544700000000011
3 0.4224515 0.4971725 0.016884999999999928 0.027332999999999996
3 0.42870549999999996 0.8138544999999999 0.019386999999999988 0.046182999999999974
3 0.44559099999999996 0.4858625 0.024389999999999967 0.019793000000000005
3 0.48592850000000004 0.4787935 0.021263000000000032 0.033931000000000044
3 0.5050034999999999 0.5117815 0.01563500000000001 0.024505
3 0.540963 0.5245055000000001 0.012507999999999964 0.02733299999999994
3 0.590994 0.401508 0.022514000000000034 0.047126
3 0.590369 0.5320455 0.01625999999999994 0.03487300000000004
3 0.6307065000000001 0.5061264999999999 0.025641000000000136 0.03581500000000004
3 0.6388365 0.6055605 0.029393000000000113 0.03864299999999987
3 0.663227 0.48492 0.024390000000000134 0.044298000000000004
3 0.6719824999999999 0.587182 0.025640999999999914 0.03204600000000002
3 0.703252 0.6592835 0.024390000000000134 0.03487299999999993
3 0.7213885 0.5556080000000001 0.025641000000000025 0.042412000000000005
3 0.727955 0.643261 0.015009999999999968 0.029217999999999966
3 0.7345215 0.713949 0.01313299999999995 0.027332000000000023
3 0.754534 0.7139490000000001 0.026892000000000027 0.034872000000000014
3 0.7833025 0.617813 0.025640999999999914 0.04052800000000001
3 0.790807 0.6950989999999999 0.02314000000000005 0.029218000000000077
3 0.8189495 0.6819040000000001 0.02313900000000002 0.03675799999999996
3 0.822389 0.750236 0.01125799999999999 0.022620000000000084
3 0.8433394999999999 0.7389255 0.015634999999999954 0.01885099999999995
3 0.8549095 0.7950045 0.017510999999999943 0.031103000000000103
3 0.8714824999999999 0.7309144999999999 0.015634999999999954 0.031102999999999992
3 0.9140085 0.812912 0.015635000000000066 0.029217999999999966
3 0.9305815 0.8129120000000001 0.010006999999999988 0.032987999999999906
3 0.9330830000000001 0.790763 0.012507999999999964 0.018850000000000033
3 0.938086 0.8190385 0.01000599999999996 0.024505
3 0.9690430000000001 0.7907635 0.020638000000000045 0.022621000000000002
3 0.9840525 0.7403395 0.025641000000000025 0.042413000000000034
