3 0.056874999999999995 0.30874999999999997 0.033749999999999995 0.02250000000000002
3 0.0646875 0.21791649999999999 0.049374999999999995 0.02083299999999999
3 0.0653125 0.278333 0.043125 0.020000000000000018
3 0.10218749999999999 0.25 0.04937499999999999 0.033334
3 0.1253125 0.25625 0.046875 0.01916599999999999
3 0.14156249999999998 0.2845835 0.048125 0.015832999999999986
3 0.1740625 0.0808335 0.03937499999999999 0.03166699999999999
3 0.18656250000000002 0.2508335 0.05562500000000001 0.016666999999999987
3 0.23 0.409167 0.03375 0.010000000000000009
3 0.26625 0.37041650000000004 0.03875000000000001 0.029167
3 0.29781250000000004 0.1766665 0.029374999999999984 0.04833299999999999
3 0.3215625 0.1225 0.05187499999999995 0.018334000000000017
3 0.35531250000000003 0.2929165 0.044375 0.01583300000000004
3 0.3753125 0.4445835 0.02937500000000004 0.025832999999999995
3 0.40593749999999995 0.33291649999999995 0.05437500000000001 0.029167
3 0.441875 0.44458299999999995 0.04375000000000001 0.012500000000000011
3 0.483125 0.29375 0.04375000000000001 0.014166000000000012
3 0.511875 0.282083 0.03875000000000001 0.017500000000000016
3 0.5349999999999999 0.31625000000000003 0.03874999999999995 0.017500000000000016
3 0.556875 0.279167 0.04875000000000007 0.015000000000000013
3 0.5853125 0.37124999999999997 0.015625 0.017500000000000016
3 0.7190624999999999 0.2041665 0.02937500000000004 0.04166700000000001
3 0.7453125 0.28541649999999996 0.02562500000000001 0.024166999999999994
3 0.829375 0.27749999999999997 0.028750000000000053 0.02166600000000002
