3 0.14625 0.515226 0.1525 0.06581599999999999
3 0.13875 0.0358545 0.1825 0.059921
3 0.14125000000000001 0.157171 0.1675 0.060904000000000014
3 0.1525 0.6311395 0.19 0.034381000000000106
3 0.1525 0.39734749999999996 0.18 0.06581500000000001
3 0.15125 0.2784875 0.1625 0.05795699999999995
3 0.2025 0.7043219999999999 0.14 0.04322199999999998
3 0.2625 0.7824165000000001 0.11000000000000001 0.04027499999999995
3 0.3175 0.8713165 0.10499999999999998 0.04518699999999998
3 0.36875 0.968566 0.1375 0.04125800000000002
