3 0.016875 0.28846150000000004 0.03375 0.11538500000000002
3 0.10343750000000002 0.100844 0.07062500000000001 0.175422
3 0.1578125 0.335835 0.133125 0.24390199999999995
3 0.2590625 0.31097549999999996 0.164375 0.117261
3 0.2571875 0.064259 0.08062499999999997 0.128518
3 0.321875 0.268293 0.06124999999999997 0.148218
3 0.40249999999999997 0.3663225 0.10000000000000003 0.164165
3 0.46406250000000004 0.3864915 0.16187500000000005 0.23076899999999995
3 0.5090625 0.095216 0.11312500000000003 0.12851800000000002
3 0.481875 0.103659 0.04625000000000001 0.130394
3 0.53125 0.22607850000000002 0.14500000000000002 0.14446499999999998
3 0.5390625 0.295028 0.085625 0.175422
3 0.5825 0.32692299999999996 0.14500000000000002 0.149156
3 0.6725 0.08395899999999999 0.050000000000000044 0.10975599999999999
3 0.735625 0.2565665 0.15125 0.12101300000000001
3 0.7703125 0.1144465 0.06937500000000008 0.118199
3 0.859375 0.338649 0.17500000000000004 0.1575979999999999
3 0.9509375 0.0797375 0.09687500000000004 0.093809
