3 0.01 0.518293 0.02 0.04409000000000002
3 0.0553125 0.5642590000000001 0.024375000000000008 0.03658600000000012
3 0.103125 0.5234525 0.05625000000000001 0.05065700000000012
3 0.1190625 0.39165099999999997 0.019375000000000003 0.03658600000000001
3 0.139375 0.2514075 0.036250000000000004 0.07692299999999999
3 0.14656249999999998 0.640713 0.028124999999999983 0.022513999999999923
3 0.15375 0.5792685 0.035 0.027205000000000035
3 0.1584375 0.50985 0.028124999999999983 0.01970000000000005
3 0.1928125 0.304878 0.033125000000000016 0.016886000000000012
3 0.20750000000000002 0.5811445 0.02125000000000002 0.027205000000000035
3 0.210625 0.5356475 0.015000000000000013 0.016884999999999928
3 0.24843749999999998 0.4155725 0.024375000000000008 0.030018999999999962
3 0.2496875 0.46482199999999996 0.021875000000000006 0.02532799999999996
3 0.2496875 0.582083 0.01937500000000003 0.02157600000000004
3 0.25625 0.5136025 0.01874999999999999 0.027205000000000035
3 0.286875 0.28846150000000004 0.03749999999999998 0.023453
3 0.31718749999999996 0.537993 0.023125000000000007 0.02157600000000004
3 0.3215625 0.5755155 0.019374999999999976 0.0309569999999999
3 0.3571875 0.580206 0.024375000000000036 0.04408999999999996
3 0.3759375 0.6261725 0.02562500000000001 0.029081000000000023
3 0.3715625 0.538931 0.014374999999999971 0.01970000000000005
3 0.3990625 0.3850845 0.02812500000000001 0.019699000000000022
3 0.4065625 0.5792685 0.020625000000000004 0.015947000000000044
3 0.41781250000000003 0.5520635 0.02437499999999998 0.015947000000000044
3 0.49250000000000005 0.6561915 0.041250000000000064 0.04971900000000007
3 0.49531250000000004 0.5501875 0.03562500000000007 0.027204999999999924
3 0.5296875000000001 0.5933394999999999 0.06187500000000001 0.03658499999999998
3 0.5496875 0.33020649999999996 0.024375000000000036 0.024390999999999996
3 0.59625 0.48686700000000005 0.05874999999999997 0.06566600000000006
3 0.58875 0.57833 0.014999999999999902 0.025327999999999906
3 0.6121875 0.566604 0.02187500000000009 0.020637999999999934
3 0.638125 0.401501 0.03749999999999998 0.009379999999999944
3 0.6721875 0.566604 0.02562500000000001 0.04502800000000007
3 0.7584375 0.399156 0.016874999999999973 0.04784200000000005
3 0.8028125 0.24249550000000003 0.07687500000000003 0.057223000000000024
3 0.7890625 0.442777 0.01937499999999992 0.018762
3 0.8340625 0.302064 0.05812499999999998 0.02251399999999998
3 0.8328125 0.45215799999999995 0.041874999999999996 0.043152000000000024
3 0.8434375000000001 0.5309569999999999 0.02312499999999995 0.02626600000000001
3 0.8665625 0.07129450000000001 0.024375000000000036 0.06378900000000001
3 0.8784375 0.49859299999999995 0.02562500000000001 0.023451999999999973
3 0.89375 0.436679 0.05125000000000002 0.04971800000000004
3 0.97875 0.595216 0.03499999999999992 0.025327999999999906
