3 0.8253125 0.1260585 0.181875 0.118533
3 0.0215625 0.985889 0.043125 0.02634000000000003
3 0.0446875 0.7648165 0.089375 0.15239899999999995
3 0.0459375 0.573377 0.091875 0.09689599999999998
3 0.1565625 0.8414865 0.178125 0.17779900000000004
3 0.478125 0.6072435 0.81125 0.587959
3 0.6953125 0.215428 0.1668750000000001 0.21072400000000002
3 0.7806249999999999 0.5056444999999999 0.21375 0.13452499999999995
3 0.781875 0.270461 0.16500000000000004 0.05738399999999999
3 0.8668750000000001 0.3800565 0.20499999999999996 0.23518299999999998
3 0.87625 0.649577 0.15375000000000005 0.11759199999999992
3 0.9396875 0.749765 0.11937500000000001 0.11853200000000008
