3 0.7671875 0.5197 0.07687500000000003 0.12757999999999992
3 0.0403125 0.71576 0.028125 0.058161999999999936
3 0.174375 0.699343 0.044999999999999984 0.066604
3 0.24656250000000002 0.730769 0.03812499999999999 0.08817999999999993
3 0.4028125 0.7106 0.04062499999999997 0.10975599999999996
3 0.4546875 0.7166980000000001 0.080625 0.06754199999999988
3 0.441875 0.698405 0.04749999999999999 0.08911800000000003
3 0.5253125000000001 0.7213885 0.03937500000000005 0.07692299999999996
3 0.5540625 0.6876175 0.05687500000000001 0.071295
3 0.8453125 0.6763600000000001 0.026874999999999982 0.09005600000000002
