3 0.4425 0.7241664999999999 0.0675 0.11166700000000007
3 0.004375 0.37 0.00875 0.03833399999999998
3 0.00625 0.53125 0.0125 0.060834000000000055
3 0.006875 0.7050000000000001 0.01375 0.09166599999999991
3 0.025625 0.25416700000000003 0.04125 0.06
3 0.038125 0.73375 0.03875000000000001 0.11749999999999994
3 0.0403125 0.377083 0.036875 0.0625
3 0.056874999999999995 0.55625 0.04 0.134166
3 0.07375000000000001 0.27625 0.0475 0.125834
3 0.07625 0.7266665 0.0425 0.12333299999999991
3 0.09312500000000001 0.375417 0.0475 0.08250000000000002
3 0.09843750000000001 0.552083 0.036875000000000005 0.1225
3 0.13187500000000002 0.24875 0.047500000000000014 0.064166
3 0.14125 0.7075 0.04500000000000001 0.09999999999999998
3 0.14375 0.37458349999999996 0.04250000000000001 0.07083299999999998
3 0.149375 0.53 0.04375000000000001 0.10333400000000004
3 0.18375 0.732083 0.044999999999999984 0.12750000000000006
3 0.1915625 0.2591665 0.060624999999999984 0.08833300000000002
3 0.186875 0.386667 0.04124999999999998 0.10500000000000004
3 0.221875 0.5379165 0.04124999999999998 0.11916700000000002
3 0.2225 0.7229165 0.04249999999999998 0.07916699999999999
3 0.24125000000000002 0.37875000000000003 0.04625000000000001 0.09249999999999997
3 0.2528125 0.2795835 0.04937500000000003 0.129167
3 0.259375 0.5529165 0.04125000000000004 0.14083300000000004
3 0.26 0.70875 0.04250000000000001 0.08749999999999991
3 0.29 0.3995835 0.04125000000000001 0.13083300000000003
3 0.3159375 0.71 0.051875000000000004 0.10499999999999998
3 0.31875 0.53625 0.04624999999999996 0.07416599999999995
3 0.32375 0.2520835 0.05125000000000002 0.07416700000000001
3 0.3384375 0.3954165 0.055625000000000036 0.12916700000000003
3 0.35375 0.7079165000000001 0.04375000000000001 0.0791670000000001
3 0.3721875 0.2745835 0.06812499999999999 0.129167
3 0.37875000000000003 0.548333 0.044999999999999984 0.14
3 0.38 0.380417 0.040000000000000036 0.07250000000000001
3 0.4046875 0.70625 0.05812500000000004 0.06916599999999995
3 0.4284375 0.2583335 0.05437500000000001 0.138333
3 0.435 0.5345835 0.04874999999999996 0.08416700000000005
3 0.433125 0.36666699999999997 0.04249999999999998 0.09000000000000002
3 0.46781249999999996 0.3995835 0.03437499999999999 0.13416699999999998
3 0.495 0.27208350000000003 0.044999999999999984 0.12083300000000002
3 0.49687499999999996 0.530417 0.04124999999999995 0.09250000000000003
3 0.5034375 0.3716665 0.03062500000000007 0.06166700000000003
3 0.52875 0.6970835 0.04250000000000009 0.07916699999999999
3 0.5428124999999999 0.2583335 0.04312499999999997 0.08666700000000002
3 0.5484374999999999 0.5508335 0.051875000000000004 0.158333
3 0.546875 0.3754165 0.03750000000000009 0.07916699999999999
3 0.585 0.7204165 0.04125000000000001 0.12583299999999997
3 0.58625 0.24874999999999997 0.04125000000000001 0.07749999999999999
3 0.611875 0.53625 0.053750000000000075 0.08083400000000007
3 0.610625 0.380417 0.04125000000000001 0.09250000000000003
3 0.6253124999999999 0.27208299999999996 0.05062500000000003 0.1375
3 0.635625 0.7070829999999999 0.040000000000000036 0.08750000000000002
3 0.704375 0.09 0.14625 0.053334000000000006
3 0.66125 0.5504169999999999 0.03875000000000006 0.13249999999999995
3 0.66625 0.399583 0.04875000000000007 0.1375
3 0.6621874999999999 0.2654165 0.030625000000000013 0.12416700000000003
3 0.6893750000000001 0.7066665 0.04375000000000007 0.10833300000000001
3 0.6984375 0.255 0.03312499999999996 0.1
3 0.71 0.5475 0.03874999999999995 0.14500000000000002
3 0.73 0.26625 0.030000000000000027 0.12250000000000003
3 0.7365625 0.389167 0.034375000000000044 0.12
3 0.7406250000000001 0.7129165 0.03749999999999998 0.09583299999999995
3 0.7518750000000001 0.5408335 0.03749999999999998 0.093333
3 0.768125 0.265 0.04625000000000001 0.138334
3 0.786875 0.535417 0.04249999999999998 0.08250000000000002
3 0.8075 0.36958349999999995 0.04249999999999998 0.08083299999999999
3 0.80875 0.7170829999999999 0.04249999999999998 0.14249999999999996
3 0.8106249999999999 0.26 0.03375000000000006 0.10666599999999996
3 0.8300000000000001 0.5425 0.036250000000000004 0.14833399999999997
3 0.8521875 0.7041665 0.05437500000000006 0.08666700000000005
3 0.850625 0.23666700000000002 0.03375000000000006 0.06999999999999998
3 0.8703125 0.53125 0.051875000000000004 0.07749999999999996
3 0.86625 0.3858335 0.03874999999999995 0.141667
3 0.89625 0.2629165 0.03875000000000006 0.12916700000000003
3 0.901875 0.3858335 0.03749999999999998 0.10333300000000001
3 0.905 0.7170835 0.043749999999999956 0.145833
3 0.90625 0.5254165 0.03374999999999995 0.07916699999999993
3 0.92875 0.24541649999999998 0.03749999999999998 0.08083300000000002
3 0.944375 0.3720835 0.03749999999999998 0.089167
3 0.9606250000000001 0.719583 0.05625000000000002 0.13749999999999996
3 0.9715625 0.5366665 0.055625000000000036 0.153333
3 0.9715625 0.2341665 0.04812499999999997 0.06833299999999998
3 0.98375 0.38916649999999997 0.03125 0.14166700000000004
3 0.9884375000000001 0.6933335 0.021874999999999978 0.053332999999999964
