3 0.9137500000000001 0.295985 0.05874999999999997 0.07469599999999998
3 0.005625 0.523343 0.01125 0.025209999999999955
3 0.005 0.7058825 0.004999999999999999 0.022409000000000012
3 0.044687500000000005 0.6736695 0.023125 0.04948700000000006
3 0.0565625 0.6204485 0.021875000000000006 0.028944999999999887
3 0.0978125 0.854342 0.021875000000000006 0.05228800000000011
3 0.0965625 0.672269 0.014374999999999999 0.02054199999999995
3 0.1009375 0.5831 0.023125000000000007 0.03454799999999991
3 0.11624999999999999 0.448646 0.04375 0.043884000000000034
3 0.1165625 0.6792720000000001 0.015625 0.01960799999999996
3 0.140625 0.5779645 0.015000000000000013 0.014939000000000036
3 0.15718749999999998 0.611111 0.030624999999999986 0.025209999999999844
3 0.1790625 0.878151 0.040624999999999994 0.04948600000000014
3 0.188125 0.7222225 0.012499999999999983 0.036415000000000086
3 0.19187500000000002 0.636788 0.014999999999999986 0.014939999999999953
3 0.20906249999999998 0.5746964999999999 0.021875000000000006 0.04388500000000006
3 0.2203125 0.926704 0.018125000000000002 0.02894400000000008
3 0.22843750000000002 0.6465920000000001 0.016875 0.0046680000000000055
3 0.2328125 0.6960785 0.015625 0.02707700000000013
3 0.24343749999999997 0.30672299999999997 0.02562499999999998 0.04388399999999998
3 0.2534375 0.5298785 0.020624999999999977 0.03081299999999998
3 0.2621875 0.892157 0.023125000000000007 0.04014999999999991
3 0.263125 0.6246495 0.01375000000000004 0.028011000000000008
3 0.2765625 0.1545285 0.030625000000000013 0.045751000000000014
3 0.285625 0.6830065 0.015000000000000013 0.015873000000000026
3 0.3496875 0.591503 0.015625 0.03828199999999993
3 0.36624999999999996 0.378618 0.017500000000000016 0.027078000000000046
3 0.395625 0.33753500000000003 0.036250000000000004 0.02521000000000001
3 0.4115625 0.300187 0.016874999999999973 0.03081199999999995
3 0.43937499999999996 0.2530345 0.048750000000000016 0.016807000000000016
3 0.45343750000000005 0.419701 0.023125000000000007 0.017739999999999922
3 0.4609375 0.8445374999999999 0.02562500000000001 0.04761899999999997
3 0.4896875 0.09523799999999999 0.02937500000000004 0.05789
3 0.5853125 0.3011205 0.023125000000000062 0.04014899999999999
3 0.5959375 0.1993465 0.024375000000000036 0.036414999999999975
3 0.5956250000000001 0.353875 0.012500000000000067 0.014939999999999953
3 0.6171875 0.4444445 0.018124999999999947 0.01680699999999996
3 0.6453125 0.4505135 0.020625000000000004 0.017741000000000007
3 0.6678124999999999 0.4169 0.01937500000000003 0.01960799999999996
3 0.6859375000000001 0.49626499999999996 0.009375000000000022 0.0252099999999999
3 0.7134375 0.353408 0.030625000000000013 0.03454800000000002
3 0.7225 0.5 0.010000000000000009 0.02521000000000001
3 0.7378125 0.44211 0.030625000000000013 0.030812000000000006
3 0.746875 0.49719900000000006 0.012500000000000067 0.02707799999999999
3 0.776875 0.35574249999999996 0.040000000000000036 0.05415500000000001
3 0.7965625000000001 0.202614 0.03562499999999991 0.050419999999999965
3 0.8659375 0.46451899999999996 0.028124999999999956 0.023341999999999974
3 0.903125 0.43790850000000003 0.03375000000000006 0.04668500000000003
3 0.9459375 0.3832865 0.01937499999999992 0.01400499999999999
