3 0.147163 0.19536450000000002 0.27305 0.317881
3 0.382092 0.9370860000000001 0.661348 0.12251599999999996
3 0.29078 0.40066250000000003 0.42907799999999996 0.380795
3 0.420213 0.6804635 0.4219860000000001 0.417219
3 0.5514185 0.22351 0.230497 0.32119200000000003
3 0.554078 0.7566225 0.221632 0.18874099999999994
3 0.8111705 0.824503 0.37411300000000003 0.31125800000000003
3 0.7774825 0.8923840000000001 0.22517699999999996 0.09933800000000004
3 0.93883 0.9561255 0.11879400000000007 0.08443699999999998
3 0.9583335 0.7044699999999999 0.07978700000000016 0.03476800000000002
