3 0.46968750000000004 0.5549999999999999 0.050624999999999976 0.03500000000000003
3 0.53 0.5587500000000001 0.03874999999999995 0.03416600000000003
3 0.5562499999999999 0.4708335 0.04500000000000004 0.038333000000000006
3 0.578125 0.5854165 0.05249999999999999 0.035833000000000004
3 0.6265624999999999 0.5008335 0.051875000000000004 0.04666700000000007
3 0.63625 0.5579165 0.06125000000000003 0.025832999999999995
3 0.6978125 0.4475 0.046875 0.046665999999999985
3 0.6990624999999999 0.5525 0.04937500000000006 0.033333999999999975
3 0.7518750000000001 0.5516665000000001 0.03874999999999995 0.04166700000000001
3 0.7809375000000001 0.850417 0.014374999999999916 0.022499999999999964
3 0.8265625 0.562917 0.059374999999999956 0.03249999999999997
3 0.871875 0.53375 0.036250000000000004 0.032500000000000084
3 0.9146875 0.4845835 0.059374999999999956 0.02416700000000005
3 0.9371875000000001 0.56875 0.048125000000000084 0.030834000000000028
3 0.9365625 0.81625 0.030625000000000013 0.022499999999999964
3 0.9740625 0.484583 0.03312499999999996 0.03750000000000003
3 0.9875 0.52125 0.02375000000000005 0.019166000000000016
