3 0.0128125 0.37242050000000004 0.025625 0.009381000000000028
3 0.0371875 0.2223265 0.074375 0.07692300000000002
3 0.0421875 0.119137 0.084375 0.06941800000000001
3 0.0428125 0.5164165000000001 0.029375000000000002 0.04409099999999999
3 0.0534375 0.187148 0.035625 0.066604
3 0.1003125 0.4695125 0.073125 0.030957000000000012
3 0.10593749999999999 0.34896799999999994 0.023124999999999993 0.02063799999999999
3 0.144375 0.324109 0.04625000000000001 0.025328000000000017
3 0.15281250000000002 0.291276 0.019375000000000003 0.021575999999999984
3 0.1796875 0.3424015 0.070625 0.054408999999999985
3 0.1825 0.154315 0.05249999999999999 0.040337999999999985
3 0.2184375 0.4704505 0.06812499999999999 0.036585000000000034
3 0.21250000000000002 0.217167 0.01999999999999999 0.038461999999999996
3 0.2784375 0.426829 0.016874999999999973 0.026265999999999956
3 0.33375 0.381332 0.04749999999999999 0.03658600000000001
3 0.343125 0.3123825 0.05125000000000002 0.05628500000000003
3 0.3675 0.026735500000000002 0.04749999999999999 0.053471000000000005
3 0.4059375 0.2185745 0.06687500000000002 0.07692299999999996
3 0.46499999999999997 0.3719515 0.04375000000000001 0.03658499999999998
3 0.486875 0.379456 0.04874999999999996 0.03658599999999995
3 0.5021875 0.14493450000000002 0.02562500000000001 0.036585000000000006
3 0.6053124999999999 0.35788 0.06312499999999999 0.042213999999999974
3 0.6771875 0.2331145 0.024374999999999925 0.040336999999999984
3 0.8990625 0.304878 0.015625 0.028141999999999945
3 0.9265625 0.4718575 0.02937500000000004 0.01688500000000004
3 0.9234375 0.270169 0.018124999999999947 0.016885999999999957
3 0.953125 0.272045 0.014999999999999902 0.013133999999999924
3 0.9865625 0.46951200000000004 0.02562500000000001 0.038461999999999996
3 0.9878125 0.2664165 0.023125000000000062 0.02814300000000003
