1 0.323125 0.3306925 0.025000000000000022 0.03753099999999998
1 0.356875 0.289408 0.03249999999999997 0.05170999999999998
1 0.4503125 0.3290245 0.02562500000000001 0.034194999999999975
1 0.499375 0.6321935 0.07125000000000004 0.11342699999999994
1 0.5134375 0.536697 0.043125000000000024 0.06755599999999995
1 0.5978125000000001 0.40408649999999996 0.018125000000000058 0.027522999999999964
1 0.6121875 0.468307 0.028124999999999956 0.03920000000000001
1 0.6459375 0.3415345 0.020625000000000004 0.03586299999999998
1 0.6825 0.5179315 0.040000000000000036 0.05170899999999995
1 0.6765625 0.4282735 0.01937500000000003 0.029190999999999967
1 0.7021875 0.5029195 0.020625000000000004 0.03169299999999997
1 0.7078125 0.4341115 0.014374999999999916 0.020851000000000064
1 0.72125 0.4599665 0.015000000000000013 0.020851000000000064
1 0.7884375 0.44620499999999996 0.015625 0.016680000000000028
1 0.80375 0.49833150000000004 0.03125 0.03419500000000003
1 0.8228125 0.3381985 0.018125000000000058 0.029190999999999967
1 0.8878125 0.563803 0.08687500000000004 0.11843199999999998
1 0.9465625 0.44495399999999996 0.051875000000000004 0.07089200000000001
