3 0.075625 0.37101300000000004 0.045000000000000005 0.02720399999999995
3 0.219375 0.8827389999999999 0.035 0.018762000000000056
3 0.25125 0.739681 0.03999999999999998 0.02157599999999993
3 0.3275 0.5787990000000001 0.04625000000000001 0.02626600000000001
3 0.346875 0.2021575 0.06374999999999997 0.038460999999999995
3 0.34687500000000004 0.24437150000000002 0.05375000000000002 0.03470900000000002
3 0.3340625 0.9690430000000001 0.02562500000000001 0.018761999999999834
3 0.3628125 0.584897 0.03437499999999999 0.027204000000000006
3 0.369375 0.6646340000000001 0.03749999999999998 0.02157600000000004
3 0.4440625 0.871951 0.033125000000000016 0.025327999999999795
3 0.5190625 0.1261725 0.06687500000000002 0.040337
3 0.5249999999999999 0.43855500000000003 0.036250000000000004 0.019699999999999995
3 0.69 0.28846150000000004 0.05874999999999997 0.042213
3 0.806875 0.780957 0.03374999999999995 0.038461999999999996
