3 0.151875 0.73875 0.1075 0.2025
3 0.03375 0.573333 0.06625 0.135
3 0.1134375 0.3829165 0.05437500000000001 0.11916700000000002
3 0.2171875 0.450833 0.06312499999999999 0.10999999999999999
3 0.4625 0.3875 0.03250000000000003 0.09333400000000003
3 0.6078125 0.15125 0.21437499999999998 0.27249999999999996
3 0.5203125 0.2725 0.02562500000000001 0.05333400000000002
3 0.565 0.40125 0.039999999999999925 0.134166
3 0.805 0.5966665 0.09375 0.17666700000000002
3 0.801875 0.4879165 0.04125000000000001 0.12916699999999998
3 0.8496874999999999 0.8120835 0.10312500000000002 0.19083299999999992
3 0.9140625 0.9229164999999999 0.14937500000000004 0.14416700000000005
3 0.92875 0.6991665 0.07874999999999999 0.161667
3 0.9665625 0.6275 0.06562500000000004 0.08833400000000002
