3 0.190972 0.5981485 0.11527800000000005 0.040740999999999916
3 0.357639 0.4916665 0.03749999999999998 0.0648149999999999
3 0.3715275 0.586111 0.04583300000000001 0.07222200000000001
3 0.40208350000000004 0.36296300000000004 0.08194500000000005 0.07036999999999999
3 0.372222 0.7935185 0.019444000000000017 0.04259299999999988
3 0.436111 0.19444450000000002 0.05555600000000005 0.040741
3 0.46527749999999996 0.391667 0.08333299999999999 0.024073999999999984
3 0.49722200000000005 0.47870349999999995 0.07500000000000001 0.05740699999999993
3 0.501389 0.437963 0.0777779999999999 0.07222200000000001
3 0.5583335 0.7009255 0.011111000000000093 0.012963000000000058
3 0.65 0.42314850000000004 0.050000000000000044 0.03888900000000001
3 0.7791665 0.2833335 0.04444500000000007 0.04074099999999997
3 0.8194445 0.725 0.08611100000000005 0.07962999999999987
