3 0.0720835 0.34375 0.14083299999999999 0.08750000000000002
3 0.1729165 0.52 0.12583299999999997 0.11499999999999999
3 0.15166649999999998 0.14250000000000002 0.04166699999999998 0.05750000000000001
3 0.3341665 0.37124999999999997 0.05666700000000002 0.07749999999999996
3 0.348333 0.46375 0.08500000000000002 0.07749999999999996
3 0.45166649999999997 0.285625 0.08333299999999999 0.06624999999999998
3 0.473333 0.388125 0.10000000000000003 0.07374999999999998
3 0.475 0.60625 0.09166599999999997 0.0625
3 0.471667 0.60375 0.07999999999999996 0.07499999999999996
3 0.56875 0.27625 0.10250000000000004 0.12250000000000003
3 0.6025 0.43437499999999996 0.13166599999999995 0.03875000000000001
3 0.5841665 0.30562500000000004 0.09166700000000005 0.07124999999999998
3 0.5779164999999999 0.891875 0.054166999999999965 0.11624999999999996
3 0.63625 0.32375 0.129166 0.04999999999999999
3 0.6566665 0.903125 0.05166700000000002 0.09375
3 0.7583329999999999 0.364375 0.039999999999999925 0.06125000000000003
3 0.8245830000000001 0.8525 0.07750000000000001 0.09999999999999998
3 0.8254165 0.843125 0.07083299999999992 0.06624999999999992
3 0.932917 0.46625000000000005 0.07750000000000001 0.12500000000000006
