3 0.1903125 0.2893995 0.015625 0.03470899999999999
3 0.240625 0.29080700000000004 0.017500000000000016 0.016886000000000012
3 0.2784375 0.2997185 0.011874999999999969 0.015947000000000044
3 0.35343749999999996 0.30440900000000004 0.018125000000000002 0.010317999999999994
3 0.42593749999999997 0.315197 0.01687500000000003 0.015009999999999968
3 0.5003125 0.3189495 0.01687500000000003 0.01500900000000005
3 0.5609375 0.31707300000000005 0.015625 0.018762
3 0.6084375 0.31988700000000003 0.018125000000000058 0.02063799999999999
3 0.6481250000000001 0.325516 0.015000000000000013 0.013134000000000035
3 0.67875 0.32363949999999997 0.012500000000000067 0.013133000000000006
3 0.7140625 0.32457800000000003 0.014374999999999916 0.018762
3 0.7815624999999999 0.2303 0.014374999999999916 0.01782399999999998
