3 0.49624999999999997 0.3204365 0.07499999999999996 0.067461
3 0.5487500000000001 0.39285749999999997 0.057499999999999996 0.07936499999999996
3 0.6021875000000001 0.5987100000000001 0.08437499999999998 0.060516000000000014
3 0.6156250000000001 0.4642855 0.057499999999999996 0.06944499999999998
3 0.653125 0.52877 0.06625000000000003 0.07142799999999994
3 0.6884375 0.595734 0.06812499999999999 0.05853199999999992
3 0.725625 0.674107 0.06999999999999995 0.060516000000000014
3 0.7737499999999999 0.738095 0.05124999999999991 0.06349199999999999
3 0.8043750000000001 0.80506 0.07124999999999992 0.0625
3 0.8459375 0.8988094999999999 0.06812499999999999 0.06349300000000002
