3 0.013125 0.533771 0.009999999999999998 0.020637999999999934
3 0.064375 0.05394 0.014999999999999993 0.019700000000000002
3 0.08875 0.4291745 0.007499999999999993 0.02720499999999998
3 0.5240625 0.096154 0.016874999999999973 0.03658600000000001
3 0.5903125 0.17682949999999997 0.009375000000000022 0.030956999999999985
3 0.5928125 0.04831149999999999 0.011874999999999969 0.027205
3 0.7990625 0.432458 0.400625 0.6303940000000001
3 0.62 0.079737 0.008750000000000036 0.02439000000000001
3 0.628125 0.044090000000000004 0.010000000000000009 0.018762000000000008
3 0.6403125000000001 0.0712945 0.011874999999999969 0.018761
3 0.64625 0.0478425 0.0050000000000000044 0.011257000000000003
3 0.650625 0.17120049999999998 0.006250000000000089 0.027205000000000007
3 0.6837500000000001 0.1153845 0.006249999999999978 0.015009000000000022
3 0.731875 0.13743 0.015000000000000013 0.021576000000000012
3 0.7396875 0.035647 0.008125000000000049 0.020638
3 0.75375 0.04596650000000001 0.010000000000000009 0.015009000000000002
3 0.810625 0.061445 0.011249999999999982 0.023452
3 0.8209375 0.078799 0.01187500000000008 0.018762
3 0.8453124999999999 0.8076925 0.009375000000000022 0.030019000000000018
3 0.8703125 0.7579735 0.013124999999999942 0.01500900000000005
3 0.876875 0.06848 0.010000000000000009 0.02063799999999999
3 0.8775 0.0065665 0.0012500000000000844 0.005629
