3 0.33875 0.4917515 0.6125 0.34644699999999995
3 0.0770835 0.444797 0.055832999999999994 0.031725999999999976
3 0.0854165 0.419416 0.049166999999999995 0.044415999999999956
3 0.10208350000000001 0.30774100000000004 0.064167 0.039339999999999986
3 0.13125 0.4625635 0.050834000000000004 0.046955000000000024
3 0.23333299999999998 0.245558 0.04999999999999999 0.036801999999999974
3 0.474583 0.260787 0.03749999999999998 0.041878000000000026
3 0.50875 0.274746 0.05416599999999999 0.036802
3 0.667083 0.317259 0.04249999999999998 0.050761999999999974
3 0.6833335 0.5958125000000001 0.036667000000000005 0.06472099999999992
3 0.7095834999999999 0.4098985 0.02083299999999999 0.035532999999999926
3 0.7179169999999999 0.518401 0.03749999999999998 0.021573999999999982
3 0.7129165 0.5120560000000001 0.02083299999999999 0.016498000000000013
3 0.7545835 0.4581215 0.035833000000000004 0.025380999999999987
3 0.79125 0.35152249999999996 0.02750000000000008 0.04060900000000006
3 0.8708335 0.46954300000000004 0.12666699999999997 0.04822399999999999
3 0.864583 0.6732235 0.03750000000000009 0.06218299999999999
