3 0.08687500000000001 0.772045 0.08875 0.07879999999999998
3 0.3303125 0.7213885 0.09562500000000002 0.09568500000000002
3 0.32781249999999995 0.46153849999999996 0.075625 0.07317099999999999
3 0.454375 0.9085365000000001 0.09375 0.09849899999999989
3 0.4859375 0.12335850000000001 0.08187499999999998 0.100375
3 0.55 0.5459665 0.08500000000000008 0.05816100000000002
3 0.6075 0.942308 0.10499999999999998 0.11163199999999995
3 0.6203125 0.467167 0.07937500000000008 0.061913999999999914
3 0.6396875 0.6894935 0.08187500000000003 0.19887500000000002
3 0.7434375 0.7964354999999999 0.07937499999999997 0.07692299999999996
3 0.7509375 0.129925 0.08187500000000003 0.08724200000000001
3 0.91625 0.9666980000000001 0.09499999999999997 0.06472800000000012
