3 0.008443 0.811237 0.016886 0.056817999999999924
3 0.0909945 0.6180555 0.181989 0.27146500000000007
3 0.23858649999999998 0.2815655 0.47717299999999996 0.295455
3 0.00813 0.13951999999999998 0.012508000000000002 0.03156600000000001
3 0.025953999999999998 0.8377525 0.020638 0.049242999999999926
3 0.0528455 0.8409095 0.020637000000000003 0.07070699999999985
3 0.082239 0.7695704999999999 0.028142000000000014 0.04166700000000001
3 0.0866165 0.8162874999999999 0.021888999999999992 0.0467169999999999
3 0.1372735 0.7481059999999999 0.02564100000000001 0.05934399999999995
3 0.157911 0.779672 0.023139999999999994 0.051768000000000036
3 0.159787 0.4494945 0.01438399999999998 0.03030299999999997
3 0.2489055 0.7518940000000001 0.13883700000000002 0.23358600000000007
3 0.20481549999999998 0.640783 0.01688500000000001 0.04166599999999998
3 0.22858050000000002 0.6104795000000001 0.028143 0.03914099999999998
3 0.263602 0.548611 0.036897999999999986 0.04419200000000001
3 0.293621 0.5757575 0.023139999999999994 0.04545500000000002
3 0.2973735 0.1136365 0.01813699999999996 0.03030300000000001
3 0.309881 0.6287875 0.02939400000000003 0.03787900000000011
3 0.302689 0.48926800000000004 0.010006000000000015 0.04419200000000001
3 0.3198875 0.49558050000000003 0.01688500000000004 0.04166700000000001
3 0.46779250000000006 0.6609845 0.30519100000000005 0.39267699999999994
3 0.33927450000000003 0.5852269999999999 0.021888999999999992 0.0441919999999999
3 0.3442775 0.481692 0.019386999999999988 0.03914200000000001
3 0.35834900000000003 0.4829545 0.016259999999999997 0.04671700000000001
3 0.3761725 0.4791665 0.019386999999999988 0.04924300000000004
3 0.3774235 0.6054295000000001 0.021888999999999992 0.03914099999999998
3 0.37961199999999995 0.1186865 0.012508000000000019 0.030303000000000024
3 0.40181350000000005 0.49684300000000003 0.021888999999999992 0.04419200000000001
3 0.41682299999999994 0.534722 0.028141999999999945 0.03661599999999998
3 0.4268295 0.46148999999999996 0.02564099999999997 0.04166599999999998
3 0.44433999999999996 0.431818 0.026892000000000027 0.035354
3 0.453721 0.112374 0.020637999999999934 0.02777800000000001
3 0.4649785000000001 0.9071969999999999 0.019386999999999988 0.061868000000000034
3 0.48999349999999997 0.3983585 0.025641000000000025 0.04166700000000001
3 0.5422135 0.8964645 0.033770999999999995 0.06313099999999994
3 0.5494060000000001 0.2272725 0.02188800000000002 0.03535299999999997
3 0.5769234999999999 0.4368685 0.025640999999999914 0.04545500000000002
3 0.6319575 0.0789145 0.01813699999999996 0.034090999999999996
3 0.6369605 0.1622475 0.028142999999999918 0.03156499999999998
3 0.7132580000000001 0.6262624999999999 0.18073800000000007 0.30303099999999994
3 0.6363354999999999 0.7948230000000001 0.021888999999999936 0.04924200000000001
3 0.6454035 0.145833 0.021263000000000032 0.023989999999999984
3 0.6482175 0.2247475 0.021889000000000047 0.03030299999999997
3 0.688868 0.3655305 0.024390000000000023 0.03914100000000004
3 0.6869915 0.40845950000000003 0.015635000000000066 0.04671700000000001
3 0.7057534999999999 0.2127525 0.02439099999999994 0.03409100000000001
3 0.702314 0.2373735 0.012507999999999964 0.030303000000000024
3 0.7285805 0.9135099999999999 0.04252699999999998 0.05934400000000006
3 0.7195125 0.8396465 0.019387000000000043 0.03535299999999986
3 0.7326455000000001 0.769571 0.021888999999999936 0.03661599999999998
3 0.738274 0.8162879999999999 0.02313999999999994 0.04166599999999987
3 0.754534 0.3295455 0.026892000000000027 0.032829
3 0.7676669999999999 0.8465909999999999 0.03314600000000001 0.05934399999999995
3 0.7682924999999999 0.469066 0.021889000000000047 0.04419200000000001
3 0.7998749999999999 0.8251265 0.04127599999999998 0.054292999999999925
3 0.7933085 0.7803035 0.02313899999999991 0.03030299999999997
3 0.8151975 0.6887624999999999 0.025641000000000025 0.04924300000000004
3 0.830206 0.5372475000000001 0.026892000000000027 0.04671700000000001
3 0.8302065000000001 0.616793 0.024391000000000163 0.04166599999999998
3 0.8395874999999999 0.6647725 0.02313899999999991 0.03914099999999998
3 0.8439650000000001 0.8213385 0.02939400000000003 0.07196899999999995
3 0.845216 0.4797975 0.024390000000000134 0.03030299999999997
3 0.8574109999999999 0.6193185000000001 0.02001200000000003 0.04166700000000001
3 0.8602254999999999 0.5056814999999999 0.025640999999999914 0.04166700000000001
3 0.872733 0.45012650000000004 0.02314000000000016 0.03409099999999998
3 0.93152 0.676768 0.13571 0.2904040000000001
3 0.88399 0.8352275 0.029394000000000142 0.059342999999999924
3 0.9015010000000001 0.450126 0.019388000000000072 0.023989999999999956
3 0.93621 0.49558050000000003 0.035022 0.04166700000000001
3 0.9421514999999999 0.8263885 0.02814300000000003 0.06691899999999995
3 0.942777 0.27651499999999996 0.024389999999999912 0.06313200000000002
3 0.9912445 0.480429 0.01626100000000008 0.03661599999999998
