1 0.1346875 0.914299 0.025624999999999995 0.041245999999999894
1 0.16999999999999998 0.447296 0.05374999999999999 0.08799200000000001
1 0.1809375 0.8501375 0.030625000000000013 0.04857900000000015
1 0.2071875 0.6494040000000001 0.02812500000000001 0.046746000000000065
1 0.2965625 0.7172320000000001 0.01937500000000003 0.03208
1 0.334375 0.5582035 0.05124999999999996 0.07516100000000003
1 0.34125000000000005 0.47846 0.06 0.08982599999999996
1 0.3315625 0.863428 0.03937499999999999 0.076994
1 0.34750000000000003 0.9821265 0.019999999999999962 0.03391299999999986
1 0.3521875 0.9463795 0.016874999999999973 0.03391300000000008
1 0.3990625 0.9051325 0.02812500000000001 0.04491299999999998
1 0.4059375 0.9885425 0.024375000000000036 0.021080999999999905
1 0.4128125 0.45325400000000005 0.029374999999999984 0.04674600000000001
1 0.4459375 0.807058 0.02562500000000001 0.04674599999999984
1 0.49312500000000004 0.9743354999999999 0.04250000000000004 0.04949500000000007
1 0.5965625 0.22960600000000003 0.12812500000000004 0.200734
1 0.700625 0.343263 0.2025 0.334556
1 0.629375 0.8872595 0.04625000000000001 0.08432700000000004
1 0.8318749999999999 0.37121899999999997 0.04749999999999999 0.07882600000000001
