3 0.0034375 0.2944445 0.005625000000000001 0.00888899999999998
3 0.006875 0.0816665 0.00625 0.016666999999999987
3 0.009375 0.2116665 0.00375 0.025554999999999994
3 0.023125 0.2377775 0.00875 0.013332999999999984
3 0.057499999999999996 0.0805555 0.0049999999999999975 0.014444999999999986
3 0.54625 0.35611099999999996 0.90625 0.48333399999999993
3 0.1053125 0.072778 0.004375000000000004 0.01222200000000001
3 0.604375 0.3766665 0.014999999999999902 0.015555000000000041
3 0.731875 0.6355554999999999 0.01375000000000004 0.015555000000000097
3 0.8925000000000001 0.6311115 0.0050000000000000044 0.011110999999999982
