0 0.085625 0.6763600000000001 0.13624999999999998 0.09193200000000001
0 0.22218749999999998 0.8194185 0.185625 0.10225100000000009
0 0.22843750000000002 0.588649 0.10937500000000003 0.07035599999999997
0 0.4840625 0.389775 0.333125 0.17729799999999996
0 0.4115625 0.7406195 0.12687499999999996 0.11726099999999995
0 0.4475 0.345685 0.1375 0.10412799999999994
0 0.5103125 0.521576 0.11937499999999995 0.07504600000000006
0 0.545 0.6318014999999999 0.12375000000000003 0.09662300000000001
0 0.645 0.565666 0.10875000000000001 0.07129400000000008
0 0.7075 0.367261 0.20375 0.10600399999999999
