3 0.04 0.8816665 0.08 0.046667000000000014
3 0.06812499999999999 0.75 0.07375 0.07333400000000001
3 0.0975 0.7116665 0.07500000000000001 0.11666700000000008
3 0.101875 0.3283335 0.03125 0.08333299999999999
3 0.18312499999999998 0.45583300000000004 0.12875 0.10500000000000004
3 0.15375 0.4425 0.04249999999999998 0.068334
3 0.25625 0.28833299999999995 0.09500000000000003 0.06
3 0.23812499999999998 0.5225 0.05124999999999999 0.03166599999999997
3 0.296875 0.6625 0.11624999999999999 0.15500000000000003
3 0.314375 0.7791665 0.09375 0.08166699999999993
3 0.333125 0.6591665 0.09125 0.04166700000000001
3 0.351875 0.6516665 0.06374999999999997 0.036667000000000005
3 0.410625 0.2575 0.13374999999999998 0.07833400000000001
3 0.41500000000000004 0.12916650000000002 0.065 0.081667
3 0.431875 0.36750000000000005 0.06625000000000003 0.065
3 0.47125 0.4375 0.07999999999999996 0.05500000000000005
3 0.4725 0.3408335 0.0675 0.05166700000000002
3 0.46187500000000004 0.983333 0.03375 0.030000000000000027
3 0.49625 0.5608329999999999 0.08750000000000002 0.04500000000000004
3 0.499375 0.6833335 0.06374999999999997 0.06666700000000003
3 0.5337500000000001 0.2266665 0.11500000000000005 0.08333299999999999
3 0.538125 0.8125 0.04874999999999996 0.13833399999999996
3 0.5375000000000001 0.665 0.03749999999999998 0.043333999999999984
3 0.5531250000000001 0.11833350000000001 0.06874999999999998 0.08666700000000001
3 0.6174999999999999 0.4783335 0.13 0.146667
3 0.599375 0.6933335 0.08624999999999994 0.10333300000000001
3 0.635625 0.3641665 0.0462499999999999 0.04166700000000001
3 0.665625 0.7466665 0.09624999999999995 0.046667000000000014
3 0.71 0.7266665000000001 0.06999999999999995 0.093333
