3 0.015625 0.49249499999999996 0.03125 0.15009400000000006
3 0.0221875 0.7176359999999999 0.044375 0.058161999999999936
3 0.0528125 0.16651 0.105625 0.24108799999999997
3 0.1715625 0.873358 0.33687500000000004 0.15009399999999995
3 0.034375 0.511726 0.055 0.04221400000000003
3 0.11499999999999999 0.041745 0.21125 0.08349
3 0.0471875 0.41651 0.07312500000000001 0.08630400000000005
3 0.0621875 0.7725145 0.066875 0.03283300000000011
3 0.060625 0.609756 0.05374999999999999 0.06566600000000011
3 0.0909375 0.604128 0.070625 0.065666
3 0.12437499999999999 0.26454 0.10375 0.12945600000000002
3 0.109375 0.7312384999999999 0.05625000000000001 0.04971899999999996
3 0.12281249999999999 0.480769 0.08062499999999999 0.038461999999999996
3 0.12937500000000002 0.41088199999999997 0.08375000000000002 0.08630399999999999
3 0.1275 0.643527 0.06374999999999999 0.04502799999999996
3 0.133125 0.5136025 0.05499999999999999 0.034709000000000045
3 0.15375 0.7260785000000001 0.0625 0.07504699999999997
3 0.156875 0.575516 0.06125 0.03471000000000002
3 0.23562499999999997 0.237336 0.145 0.15197000000000002
3 0.208125 0.3972795 0.07125000000000001 0.10225099999999998
3 0.21781250000000002 0.7668855 0.06812500000000002 0.04033700000000007
3 0.25875 0.2002815 0.145 0.05347099999999999
3 0.231875 0.5900565 0.08125000000000002 0.07879900000000006
3 0.256875 0.4906195 0.05875 0.09568499999999996
3 0.25875 0.6974670000000001 0.05749999999999997 0.04784200000000005
3 0.2734375 0.6580675 0.06437499999999999 0.10037499999999999
3 0.2753125 0.34146350000000003 0.06312500000000001 0.10131299999999993
3 0.3503125 0.7157600000000001 0.18187499999999995 0.32270200000000004
3 0.29781250000000004 0.399156 0.07187499999999997 0.10600399999999999
3 0.313125 0.604128 0.06125000000000003 0.065666
3 0.361875 0.30159499999999995 0.13375000000000004 0.113508
3 0.329375 0.4587245 0.06 0.07504699999999992
3 0.3878125 0.3273925 0.12812500000000004 0.13883700000000004
3 0.35624999999999996 0.498124 0.05499999999999999 0.08067600000000003
3 0.4246875 0.26125699999999996 0.15687500000000004 0.11725999999999998
3 0.4184375 0.5520635 0.08687499999999998 0.11538500000000007
3 0.43875 0.5018765 0.11000000000000004 0.07692300000000002
3 0.4746875 0.2448405 0.11812499999999992 0.08442699999999997
3 0.468125 0.429644 0.09749999999999998 0.15197
3 0.56375 0.747655 0.265 0.30581599999999987
3 0.515 0.5473735 0.08125000000000004 0.09474700000000003
3 0.509375 0.47514049999999997 0.05125000000000002 0.10037500000000005
3 0.561875 0.340525 0.14375000000000004 0.12758000000000003
3 0.686875 0.642589 0.35250000000000004 0.4840519999999999
3 0.6790625 0.3742965 0.08812500000000001 0.06378899999999998
3 0.7475 0.3184805 0.1050000000000001 0.164165
3 0.7803125 0.33302050000000005 0.14187499999999997 0.13508499999999996
3 0.8928125 0.3578795 0.12687500000000007 0.14165100000000003
3 0.9221874999999999 0.596623 0.15437500000000004 0.3039400000000001
3 0.9284375 0.7954975 0.14187499999999997 0.09756100000000012
3 0.95625 0.31848050000000006 0.08625000000000005 0.09474699999999997
3 0.9512499999999999 0.7124765 0.04999999999999993 0.10037499999999999
3 0.964375 0.420263 0.07000000000000006 0.15196999999999994
3 0.981875 0.40431550000000005 0.03500000000000003 0.07317100000000004
3 0.985 0.520169 0.028750000000000053 0.047841999999999996
