3 0.5828125 0.745417 0.05937500000000007 0.09250000000000003
3 0.11624999999999999 0.6345835 0.04625 0.07916699999999999
3 0.3190625 0.4666665 0.06437500000000002 0.098333
3 0.46 0.35250000000000004 0.0625 0.11166599999999999
3 0.576875 0.23041649999999997 0.06874999999999998 0.119167
3 0.6678124999999999 0.8020835 0.051875000000000004 0.07416699999999998
3 0.7165625 0.1366665 0.05812499999999998 0.141667
3 0.7506250000000001 0.8291664999999999 0.04625000000000001 0.10666699999999996
3 0.8625 0.8987499999999999 0.04249999999999998 0.07083399999999995
3 0.8946875 0.05375 0.06562500000000004 0.1075
