3 0.9190625 0.4637685 0.055625000000000036 0.09420299999999993
3 0.044062500000000004 0.41123200000000004 0.023125 0.05676400000000004
3 0.0803125 0.42210099999999995 0.011874999999999997 0.04468599999999995
3 0.111875 0.379227 0.0175 0.053139999999999965
3 0.1303125 0.3592995 0.014375000000000013 0.032609
3 0.1346875 0.39432349999999994 0.02062499999999999 0.05193299999999995
3 0.143125 0.44504849999999996 0.016249999999999987 0.04951700000000003
3 0.1534375 0.44867149999999995 0.011874999999999997 0.05676300000000001
3 0.169375 0.4450485 0.015000000000000013 0.05917899999999998
3 0.2109375 0.48309199999999997 0.014375000000000027 0.06280199999999997
3 0.2478125 0.509058 0.030624999999999986 0.03985599999999995
3 0.30656249999999996 0.3774155 0.013124999999999998 0.04951699999999998
3 0.32125 0.3321255 0.016249999999999987 0.03140100000000001
3 0.3353125 0.4027775 0.016874999999999973 0.039854999999999974
3 0.3528125 0.447464 0.02812500000000001 0.05434800000000006
3 0.369375 0.3460145 0.015000000000000013 0.04951700000000003
3 0.3853125 0.3182365 0.021874999999999978 0.039854999999999974
3 0.4040625 0.3774155 0.018125000000000002 0.04951699999999998
3 0.415625 0.38587 0.010000000000000009 0.044686000000000003
3 0.4503125 0.39794700000000005 0.02562500000000001 0.05434800000000001
3 0.448125 0.3109905 0.018750000000000044 0.04951699999999992
3 0.4846875 0.34843 0.010624999999999996 0.035024
3 0.5090625 0.459541 0.018124999999999947 0.04468600000000006
