1 0.0446875 0.611632 0.089375 0.13508399999999998
1 0.13125 0.747655 0.2625 0.15572200000000003
1 0.2715625 0.8212945 0.543125 0.12288899999999991
1 0.1046875 0.665572 0.015625 0.042214000000000085
1 0.161875 0.662758 0.10625 0.11350800000000005
1 0.2265625 0.7514075 0.08937499999999998 0.07879899999999995
1 0.2284375 0.712477 0.044375 0.044090000000000074
1 0.296875 0.7251405 0.03874999999999995 0.10318900000000009
1 0.33218749999999997 0.6974670000000001 0.075625 0.10975599999999985
1 0.3646875 0.7556285 0.12812500000000004 0.10412699999999997
1 0.4278125 0.7087239999999999 0.07187500000000002 0.11350800000000005
1 0.4546875 0.75 0.023125000000000007 0.027204000000000006
1 0.4815625 0.7213879999999999 0.059374999999999956 0.08818000000000004
1 0.49874999999999997 0.501876 0.057499999999999996 0.08817999999999998
1 0.5365625 0.7654785 0.08187500000000003 0.07692299999999996
1 0.5853125 0.6993435 0.08187499999999992 0.12101300000000004
1 0.6371875 0.7317075 0.12437500000000001 0.12195100000000003
1 0.626875 0.583021 0.0625 0.10787999999999998
1 0.66125 0.0703565 0.11375000000000002 0.140713
1 0.6471875 0.24249549999999997 0.021874999999999978 0.030956999999999985
1 0.6709375 0.683865 0.020625000000000004 0.020638000000000045
1 0.7059375 0.7664165000000001 0.06937499999999996 0.09193299999999993
1 0.7059375 0.726079 0.02562500000000001 0.022513999999999923
1 0.7262500000000001 0.7002809999999999 0.019999999999999907 0.044090000000000074
1 0.86 0.542683 0.27875000000000005 0.9127580000000002
