3 0.2771875 0.5591665 0.206875 0.18333299999999997
3 0.0725 0.5475 0.145 0.14666599999999996
3 0.3225 0.36125 0.1175 0.129166
3 0.4378125 0.43333350000000004 0.09312500000000001 0.153333
3 0.48 0.2545835 0.08875000000000005 0.064167
3 0.5153125000000001 0.3795835 0.051875000000000004 0.11416700000000002
3 0.5618749999999999 0.11333299999999999 0.036250000000000004 0.03999999999999998
3 0.5721875 0.1470835 0.02562500000000001 0.030833
3 0.6303125 0.30541700000000005 0.05937500000000007 0.10749999999999998
3 0.7437499999999999 0.21166649999999998 0.07874999999999999 0.056666999999999995
3 0.9225 0.197083 0.03374999999999995 0.08249999999999999
3 0.973125 0.27875 0.05249999999999999 0.0975
