3 0.1053125 0.44026350000000003 0.046875 0.02257700000000007
3 0.118125 0.3099715 0.0325 0.021637000000000017
3 0.148125 0.4449675 0.03875000000000001 0.02445900000000001
3 0.19187500000000002 0.305268 0.05124999999999999 0.023517999999999983
3 0.198125 0.4468485 0.04625000000000001 0.02445900000000001
3 0.2396875 0.4402635 0.03187499999999999 0.03010299999999999
3 0.2584375 0.3146755 0.030624999999999986 0.027281
3 0.2884375 0.42286 0.03687499999999999 0.01975600000000005
3 0.3321875 0.41909699999999994 0.041874999999999996 0.012230000000000019
3 0.36250000000000004 0.019285 0.044999999999999984 0.021635999999999996
3 0.3821875 0.4087485 0.03437499999999999 0.02916300000000005
3 0.390625 0.3033865 0.040000000000000036 0.03480700000000003
3 0.44 0.39369750000000003 0.050000000000000044 0.03480699999999998
3 0.45499999999999996 0.3292565 0.04999999999999999 0.016932999999999976
3 0.48906249999999996 0.3758235 0.04562499999999997 0.021636999999999962
3 0.5384374999999999 0.31561649999999997 0.041874999999999996 0.021636999999999962
3 0.5596875 0.377705 0.03562500000000002 0.025399999999999978
3 0.6221875 0.5174034999999999 0.030624999999999902 0.018814999999999915
3 0.7271875 0.6279395 0.23562499999999997 0.10630300000000004
3 0.6453125 0.33066799999999996 0.04312499999999997 0.031044000000000016
3 0.7003125 0.3254935 0.02562500000000001 0.031984999999999986
3 0.71375 0.3203195 0.04249999999999998 0.03480700000000003
3 0.78125 0.32455300000000004 0.03875000000000006 0.03010400000000002
3 0.8565625 0.6580435 0.03312500000000007 0.02728100000000011
3 0.863125 0.3504235 0.04125000000000001 0.04797699999999999
3 0.888125 0.675447 0.029999999999999916 0.02634000000000003
3 0.953125 0.6801505000000001 0.09250000000000003 0.06396900000000005
3 0.95625 0.3419565 0.05249999999999999 0.027281
3 0.9824999999999999 0.42097850000000003 0.03375000000000006 0.019755000000000023
