3 0.8690625 0.5025 0.07937499999999997 0.12833400000000006
3 0.1428125 0.38041650000000005 0.015625 0.04416700000000001
3 0.2084375 0.395 0.060624999999999984 0.063334
3 0.24000000000000002 0.4079165 0.04375000000000001 0.07916700000000004
3 0.280625 0.40708350000000004 0.03249999999999997 0.07416700000000004
3 0.34375 0.414167 0.040000000000000036 0.08499999999999996
3 0.383125 0.43999999999999995 0.04125000000000001 0.06
3 0.420625 0.44708349999999997 0.03375 0.07416700000000004
3 0.48593749999999997 0.45291649999999994 0.04312499999999997 0.08583299999999999
3 0.534375 0.46125000000000005 0.04874999999999996 0.065834
3 0.5925 0.460417 0.05625000000000002 0.07750000000000001
3 0.6959375 0.47416650000000005 0.046875 0.11166700000000002
3 0.7503124999999999 0.47958350000000005 0.05437499999999995 0.10916700000000007
