3 0.07375 0.547222 0.10874999999999999 0.267778
3 0.19375 0.497778 0.09125 0.2799999999999999
3 0.25625 0.6127775 0.05375000000000002 0.24111099999999996
3 0.291875 0.521667 0.06625000000000003 0.20999999999999996
3 0.391875 0.592778 0.10749999999999998 0.332222
3 0.46125 0.631111 0.15374999999999994 0.255556
3 0.43156249999999996 0.5466664999999999 0.07937500000000003 0.1088889999999999
3 0.5521875 0.552778 0.08437499999999998 0.21222200000000008
3 0.5353125000000001 0.572778 0.03312499999999996 0.14777799999999996
3 0.615 0.728889 0.15375000000000005 0.20444400000000007
3 0.6425000000000001 0.567222 0.10124999999999995 0.305556
3 0.704375 0.5822225 0.10250000000000004 0.3111109999999999
3 0.7096875 0.5833335 0.08187500000000003 0.25111100000000003
3 0.7671875 0.5866665 0.059374999999999956 0.306667
3 0.8728125 0.618889 0.07562500000000005 0.262222
3 0.9415625 0.6005555 0.06937499999999996 0.165555
