3 0.0440625 0.5395105 0.029375 0.042333000000000176
3 0.06343750000000001 0.8838195 0.026874999999999996 0.02916300000000005
3 0.0871875 0.8715900000000001 0.023125000000000007 0.019755999999999996
3 0.1053125 0.9313265 0.024374999999999994 0.02257700000000007
3 0.1453125 0.865475 0.03437500000000002 0.022577999999999876
3 0.1690625 0.5376295 0.02812500000000001 0.042332999999999954
3 0.1953125 0.8443085 0.03187499999999999 0.023519000000000068
3 0.23343750000000002 0.765287 0.024375000000000008 0.02351800000000004
3 0.24343749999999997 0.8174975 0.030624999999999986 0.02634100000000006
3 0.2846875 0.511759 0.029374999999999984 0.020696000000000048
3 0.29781250000000004 0.797272 0.026875000000000038 0.025399999999999978
3 0.3040625 0.7761055000000001 0.02437499999999998 0.016932999999999976
3 0.3284375 0.774694 0.02937500000000004 0.03104399999999996
3 0.3378125 0.742239 0.030625000000000013 0.022577999999999987
3 0.340625 0.7558795 0.03125 0.0310450000000001
3 0.3540625 0.6843840000000001 0.03937500000000005 0.02351800000000004
3 0.3821875 0.7511760000000001 0.029374999999999984 0.025399999999999978
3 0.39625 0.4990589999999999 0.044999999999999984 0.03856999999999994
3 0.4134375 0.5827845 0.030625000000000013 0.04421499999999989
3 0.4821875 0.5569145 0.03187499999999999 0.022576999999999958
3 0.5609375 0.48965200000000003 0.03562500000000002 0.046096000000000026
3 0.6475 0.508467 0.03500000000000003 0.03857000000000005
3 0.771875 0.44825950000000003 0.03125 0.040451000000000015
