3 0.3890625 0.276873 0.07187499999999997 0.08794800000000003
3 0.03854199999999999 0.497557 0.0375 0.030943999999999916
3 0.07447949999999999 0.5325735 0.015625 0.01628699999999994
3 0.10677049999999999 0.49755699999999997 0.02187499999999999 0.017915999999999932
3 0.115625 0.330619 0.02083400000000002 0.016285999999999967
3 0.144271 0.4348535 0.02395799999999998 0.016286999999999996
3 0.1770835 0.6140065 0.02083299999999999 0.01628699999999994
3 0.2088545 0.27280150000000003 0.05937499999999998 0.057003000000000054
3 0.1984375 0.4942995 0.015625 0.008143000000000011
3 0.22239549999999997 0.5765469999999999 0.021875000000000006 0.019543999999999895
3 0.27135450000000005 0.5684039999999999 0.02812500000000001 0.02931600000000001
3 0.2796875 0.460098 0.01770900000000003 0.01465800000000006
3 0.305729 0.25732900000000003 0.06770799999999999 0.05863199999999996
3 0.286979 0.6359935 0.017708 0.017915000000000125
3 0.297396 0.5057 0.017708 0.014657999999999949
3 0.2989585 0.5822475 0.01041700000000001 0.017915000000000014
3 0.3145835 0.512215 0.014583000000000013 0.011400000000000077
3 0.3270835 0.521987 0.02083299999999999 0.01465800000000006
3 0.33177100000000004 0.5537460000000001 0.02395799999999998 0.009772000000000003
3 0.34739600000000004 0.574104 0.05520799999999998 0.014657999999999949
3 0.346875 0.6897395 0.02083400000000002 0.011400999999999883
3 0.37812500000000004 0.690554 0.022915999999999992 0.019544000000000006
3 0.377604 0.6017915 0.019792000000000032 0.011400999999999994
3 0.3994795 0.568404 0.021875000000000033 0.019544000000000006
3 0.40260399999999996 0.622964 0.017708 0.008143999999999929
3 0.42083349999999997 0.577362 0.02291700000000002 0.024429999999999952
3 0.422917 0.556189 0.01874999999999999 0.011400000000000077
3 0.4322915 0.59772 0.014583000000000013 0.013030000000000097
3 0.443229 0.5057 0.02395799999999998 0.014657999999999949
3 0.453125 0.5545605 0.01666599999999996 0.017915000000000125
3 0.4552085 0.45439699999999994 0.014583000000000013 0.01954399999999995
3 0.48906249999999996 0.6970685000000001 0.07812499999999994 0.026058999999999943
3 0.47291700000000003 0.5789905 0.024999999999999967 0.017914999999999903
3 0.478125 0.5057005 0.02083400000000002 0.017914999999999903
3 0.5015625 0.109935 0.030208999999999986 0.024429999999999993
3 0.49895849999999997 0.5399025 0.014582999999999957 0.011400999999999883
3 0.5328125 0.5643320000000001 0.08229099999999995 0.024430000000000063
3 0.522396 0.5382735000000001 0.019792000000000032 0.017915000000000014
3 0.5390625 0.52443 0.02187500000000009 0.009772000000000003
3 0.552083 0.5130295 0.02499999999999991 0.01628700000000005
3 0.5489580000000001 0.5773615 0.012500000000000067 0.021172999999999886
3 0.5588545 0.6392504999999999 0.028124999999999956 0.017915000000000014
3 0.5864585 0.531759 0.08333299999999999 0.024429999999999952
3 0.561979 0.1701955 0.02604200000000001 0.017914999999999986
3 0.5666665 0.6237785 0.02083299999999999 0.026059000000000054
3 0.575521 0.5114005 0.0322920000000001 0.03257299999999996
3 0.580729 0.5838760000000001 0.0302079999999999 0.024430000000000063
3 0.6020835 0.5708470000000001 0.02083299999999999 0.017915999999999932
3 0.6114584999999999 0.5130295 0.02083299999999999 0.013029000000000068
3 0.615104 0.631922 0.017708000000000057 0.016286000000000023
3 0.6166665 0.580619 0.02083299999999999 0.017916000000000043
3 0.6140625 0.6433225 0.011458999999999997 0.01628699999999994
3 0.620833 0.400651 0.012499999999999956 0.019544000000000006
3 0.6296875 0.5105864999999999 0.015625 0.008143000000000011
3 0.6515625 0.6286645 0.044790999999999914 0.02931500000000009
3 0.6536455 0.539088 0.04062499999999991 0.016286000000000023
3 0.6505205 0.587948 0.015625 0.016286000000000023
3 0.6630205 0.5944625 0.021874999999999978 0.016287000000000162
3 0.6734374999999999 0.5114004999999999 0.03229099999999996 0.01628700000000005
3 0.6864585 0.5374595 0.014583000000000013 0.01628699999999994
3 0.6921875 0.5708470000000001 0.017709000000000086 0.017915999999999932
3 0.70625 0.630293 0.018749999999999933 0.016286000000000023
3 0.734896 0.6294785 0.023957999999999924 0.027687000000000017
3 0.7333335 0.512215 0.016666999999999987 0.01465800000000006
3 0.7463545 0.572476 0.021874999999999978 0.014657999999999949
3 0.7604165 0.6530940000000001 0.014582999999999902 0.019543999999999895
3 0.783854 0.11970700000000001 0.017707999999999946 0.024430000000000007
3 0.8354165 0.679153 0.11458299999999999 0.03583000000000003
3 0.7895829999999999 0.6490225000000001 0.018749999999999933 0.021172999999999997
3 0.7989580000000001 0.5130295 0.018749999999999933 0.013029000000000068
3 0.84375 0.512215 0.018750000000000044 0.01465800000000006
3 0.8510415 0.4234525 0.014583000000000013 0.01628699999999994
3 0.9015625 0.5667755 0.06770900000000002 0.02280100000000007
3 0.8953125 0.6017915 0.02604099999999998 0.011400999999999994
3 0.8942705 0.508958 0.015625 0.014657999999999949
3 0.9572915 0.6750814999999999 0.08333299999999999 0.040717
3 0.9359375000000001 0.400651 0.021874999999999978 0.019544000000000006
3 0.934896 0.4967425 0.01145800000000008 0.01628699999999994
3 0.953125 0.5920194999999999 0.04583399999999993 0.040717
3 0.986979 0.6009774999999999 0.01145800000000008 0.013029000000000068
3 0.993229 0.5838765 0.011457999999999968 0.011400999999999994
3 0.996354 0.40227999999999997 0.00520799999999999 0.016285999999999967
