3 0.8678125 0.35730300000000004 0.04937499999999995 0.11685400000000001
3 0.03125 0.5820225 0.018750000000000003 0.03595499999999996
3 0.0978125 0.2904495 0.053125000000000006 0.05730300000000005
3 0.21718749999999998 0.50618 0.02687500000000001 0.050561999999999996
3 0.35531250000000003 0.6185395 0.019374999999999976 0.03707899999999997
3 0.41593749999999996 0.5960675 0.02812500000000001 0.06404499999999991
3 0.4353125 0.307865 0.02812500000000001 0.05168600000000001
3 0.5134375 0.44999999999999996 0.038124999999999964 0.03932600000000003
3 0.5403125 0.166292 0.03312499999999996 0.06741600000000003
3 0.571875 0.47809 0.023749999999999938 0.05505600000000005
3 0.5765625000000001 0.3432585 0.020625000000000004 0.034831
3 0.6 0.0353935 0.06000000000000005 0.052808999999999995
3 0.618125 0.46235950000000003 0.03749999999999998 0.03258500000000003
3 0.6146875 0.5752809999999999 0.025624999999999898 0.026966000000000157
3 0.6346875000000001 0.2848315 0.01937500000000003 0.014606999999999981
3 0.651875 0.463483 0.012499999999999956 0.034831999999999974
3 0.8196875 0.7589885000000001 0.023125000000000062 0.04157299999999997
3 0.8590625000000001 0.328652 0.024374999999999925 0.055055999999999994
3 0.9299999999999999 0.165169 0.028749999999999942 0.08314600000000001
3 0.9853125 0.3926965 0.028125000000000067 0.046067000000000025
