3 0.8700000000000001 0.626 0.0675 0.17599999999999993
3 0.090625 0.1115 0.095 0.143
3 0.1078125 0.871 0.12687500000000002 0.15399999999999991
3 0.12593749999999998 0.6015 0.163125 0.131
3 0.113125 0.3725 0.11625000000000002 0.123
3 0.3540625 0.867 0.13437500000000002 0.16999999999999993
3 0.36875 0.1105 0.14625 0.141
3 0.365 0.607 0.1175 0.16999999999999993
3 0.3815625 0.41100000000000003 0.12062500000000004 0.13599999999999995
3 0.6115625 0.401 0.1781250000000001 0.18
3 0.6 0.886 0.14749999999999996 0.15799999999999992
3 0.6084375 0.1355 0.11562499999999998 0.12100000000000001
3 0.625625 0.612 0.10624999999999996 0.15599999999999992
3 0.8746875000000001 0.371 0.186875 0.07999999999999996
3 0.8625 0.12 0.10124999999999995 0.10999999999999999
3 0.8684375 0.87 0.09687500000000004 0.238
