3 0.40593749999999995 0.5166665 0.023125000000000007 0.01333300000000004
3 0.42125 0.52625 0.012500000000000011 0.012499999999999956
3 0.43343750000000003 0.5254165 0.014374999999999971 0.010832999999999982
3 0.4559375 0.5158335000000001 0.020625000000000004 0.018333000000000044
3 0.474375 0.5520835 0.03375 0.009167000000000036
3 0.48 0.5175000000000001 0.027500000000000024 0.01833399999999996
3 0.53125 0.4116665 0.04499999999999993 0.03833299999999995
3 0.5615625 0.4029165 0.046875 0.059167000000000025
3 0.6071875 0.4320835 0.03312500000000007 0.02416700000000005
3 0.6296875 0.45458350000000003 0.026874999999999982 0.02083299999999999
3 0.6628125 0.4408335 0.04437500000000005 0.013332999999999984
3 0.6725 0.4554165 0.03249999999999997 0.019167000000000045
3 0.6828125 0.46125 0.01937500000000003 0.02749999999999997
3 0.6903125 0.49875 0.024375000000000036 0.02250000000000002
