3 0.19171300000000002 0.901875 0.354696 0.12
3 0.0276245 0.28937500000000005 0.055249 0.065
3 0.048619 0.47125 0.097238 0.05625000000000002
3 0.056353499999999994 0.57375 0.11270699999999999 0.08750000000000002
3 0.09668500000000001 0.9475 0.19337000000000001 0.10375000000000001
3 0.08342549999999999 0.283125 0.10055299999999999 0.04625000000000001
3 0.0922655 0.2628125 0.06961299999999998 0.06312499999999999
3 0.2464085 0.5231250000000001 0.13038699999999998 0.09875
3 0.379558 0.9809375 0.10055199999999997 0.03687499999999999
3 0.40386750000000005 0.280625 0.06298299999999996 0.07124999999999998
3 0.612155 0.975625 0.14806600000000003 0.04749999999999999
3 0.687845 0.8384375 0.275138 0.11812499999999992
3 0.6364639999999999 0.933125 0.130386 0.13250000000000006
3 0.7447515 0.5359375 0.19005500000000008 0.07687499999999997
3 0.769613 0.4196875 0.13591200000000003 0.07687500000000003
3 0.819337 0.20906249999999998 0.23536 0.156875
3 0.796133 0.31656249999999997 0.0453039999999999 0.07187499999999997
3 0.8491715 0.9790625 0.0850829999999998 0.04062500000000002
3 0.8640885 0.30125 0.090607 0.05499999999999999
3 0.897238 0.48312499999999997 0.156906 0.07999999999999996
3 0.8701654999999999 0.5137499999999999 0.09613299999999991 0.07999999999999996
3 0.9209945 0.41812499999999997 0.15580100000000008 0.04624999999999996
3 0.9453039999999999 0.250625 0.10718200000000022 0.046249999999999986
3 0.9541435 0.329375 0.08950300000000011 0.04250000000000004
3 0.967956 0.388125 0.05745800000000001 0.03749999999999998
3 0.9751380000000001 0.674375 0.04751400000000017 0.032500000000000084
