3 0.304375 0.6726075 0.011249999999999982 0.01313299999999995
3 0.3140625 0.6468105 0.010624999999999996 0.015947000000000044
3 0.325 0.5938085 0.016249999999999987 0.01313299999999995
3 0.32499999999999996 0.6257035 0.00874999999999998 0.011256999999999961
3 0.334375 0.5736399999999999 0.012500000000000011 0.01969999999999994
3 0.35125 0.5717635 0.015000000000000013 0.015946999999999933
3 0.3628125 0.5590995 0.015625 0.01688500000000004
3 0.374375 0.5478425 0.010000000000000009 0.013133000000000061
3 0.38656250000000003 0.54409 0.014374999999999971 0.013133999999999979
3 0.41000000000000003 0.53424 0.014999999999999958 0.017824000000000062
3 0.4390625 0.531895 0.014374999999999971 0.016885999999999957
3 0.46187500000000004 0.522983 0.013749999999999984 0.015947999999999962
3 0.48875 0.5229835 0.00874999999999998 0.012195000000000067
3 0.4915625 0.5136025 0.014375000000000027 0.012195000000000067
3 0.5209375 0.500938 0.011874999999999969 0.013133999999999979
3 0.5375 0.488743 0.011249999999999982 0.015009999999999968
3 0.5415625 0.519231 0.014374999999999916 0.015948000000000073
3 0.5484375 0.54409 0.013125000000000053 0.015009999999999857
3 0.555625 0.56848 0.011249999999999982 0.016885999999999957
3 0.5653125 0.5924015 0.015625 0.015947000000000044
