3 0.023926 0.8509465 0.047852 0.06466899999999998
3 0.0249025 0.2184545 0.049805 0.140379
3 0.059081999999999996 0.5347005 0.073242 0.07255500000000004
3 0.066406 0.900631 0.083984 0.05678199999999989
3 0.074707 0.274448 0.08105399999999999 0.08832799999999999
3 0.104004 0.7421135 0.09668000000000002 0.09621499999999994
3 0.22949200000000003 0.3083595 0.09375000000000003 0.09621500000000005
3 0.222168 0.834385 0.06347600000000003 0.0693999999999999
3 0.270996 0.3257095 0.09863199999999997 0.111987
3 0.3305665 0.0481075 0.11621099999999995 0.096215
3 0.32470699999999997 0.8249214999999999 0.09277400000000002 0.08201899999999995
3 0.34130900000000003 0.42823350000000004 0.11425799999999997 0.10883300000000001
3 0.3222655 0.645899 0.06835899999999995 0.083596
3 0.333008 0.6987380000000001 0.056640000000000024 0.07886399999999993
3 0.36767550000000004 0.817035 0.057616999999999974 0.05362800000000001
3 0.4365235 0.08280749999999999 0.14453100000000008 0.086751
3 0.455078 0.299685 0.11914000000000002 0.06624600000000003
3 0.4633785 0.6403785 0.09863300000000003 0.08201900000000006
3 0.46044949999999996 0.5323344999999999 0.08886699999999997 0.08359700000000003
3 0.588867 0.351735 0.10156200000000004 0.056782
3 0.598633 0.679022 0.09960999999999998 0.08990600000000004
3 0.5878905 0.9597795 0.046875 0.06466899999999987
3 0.6118165 0.6072555 0.08105499999999988 0.08201899999999995
3 0.63916 0.5686119999999999 0.08691400000000005 0.0709780000000001
3 0.6425780000000001 0.8477915 0.08593799999999996 0.04258700000000004
3 0.6875 0.6648265 0.08593799999999985 0.08044099999999998
3 0.7294924999999999 0.858044 0.09570299999999998 0.06309200000000004
3 0.731934 0.7042585 0.10058600000000006 0.0772870000000001
3 0.7426759999999999 0.891167 0.05566400000000005 0.0536279999999999
3 0.75 0.9061515 0.07031200000000015 0.05520500000000006
3 0.7592774999999999 0.39511 0.08886700000000003 0.06151399999999996
3 0.7822264999999999 0.6175080000000001 0.12304700000000002 0.04889600000000005
3 0.79834 0.38959 0.10449200000000014 0.11356400000000005
3 0.79834 0.2492115 0.09082000000000001 0.138801
3 0.8305665 0.741325 0.08105499999999999 0.04731799999999997
3 0.885254 0.124606 0.12402399999999991 0.11041
3 0.8652345 0.9369085 0.08203099999999997 0.09779100000000018
3 0.875 0.773659 0.07226599999999994 0.07097799999999999
3 0.9101565 0.11435350000000001 0.08789099999999994 0.140379
3 0.919922 0.47949549999999996 0.08984400000000003 0.08517299999999994
3 0.9326175 0.791798 0.08203099999999997 0.04731799999999997
3 0.9316405 0.9045745 0.07031299999999985 0.0772870000000001
3 0.9570314999999999 0.607256 0.07421900000000003 0.06624600000000003
3 0.9604495 0.9022079999999999 0.06738299999999997 0.06624599999999992
3 0.9628905 0.6427444999999999 0.07226500000000002 0.08675100000000002
3 0.9643554999999999 0.8020505 0.06738299999999997 0.03943300000000005
