3 0.28375 0.5566665 0.01749999999999996 0.016666999999999987
3 0.639375 0.5341665 0.6812499999999999 0.3016670000000001
3 0.350625 0.616667 0.016249999999999987 0.030000000000000027
3 0.361875 0.6083335 0.016249999999999987 0.016666999999999987
3 0.45375 0.6025 0.015000000000000013 0.03500000000000003
3 0.47187500000000004 0.6325000000000001 0.013749999999999984 0.03166600000000008
3 0.49750000000000005 0.36583350000000003 0.02250000000000002 0.021667000000000047
3 0.66625 0.9541665 0.355 0.088333
3 0.5725 0.3425 0.012499999999999956 0.014999999999999958
3 0.6325000000000001 0.6483335 0.012500000000000067 0.023333000000000048
3 0.653125 0.625 0.018749999999999933 0.01666600000000007
3 0.743125 0.346667 0.01375000000000004 0.020000000000000018
3 0.76 0.385833 0.012499999999999956 0.015000000000000013
3 0.808125 0.411667 0.013749999999999929 0.020000000000000018
3 0.905 0.33833349999999995 0.015000000000000013 0.013332999999999984
3 0.98375 0.4525 0.012499999999999956 0.018334000000000017
