3 0.4665625 0.5953705 0.008124999999999993 0.009259000000000017
3 0.4671875 0.5569445 0.009374999999999967 0.012036999999999964
3 0.475625 0.5240739999999999 0.010000000000000009 0.009260000000000046
3 0.47750000000000004 0.48981450000000004 0.00874999999999998 0.012963000000000002
3 0.49 0.49444450000000006 0.006249999999999978 0.014815000000000078
3 0.4965625 0.5018515 0.00687500000000002 0.011110999999999926
3 0.50875 0.4810185 0.010000000000000009 0.01203700000000002
3 0.5234375 0.6527775 0.009374999999999911 0.012963000000000058
3 0.5293749999999999 0.5101855 0.007499999999999951 0.012962999999999947
3 0.540625 0.5027775 0.007500000000000062 0.012963000000000002
3 0.5575 0.6148145 0.007500000000000062 0.009258999999999906
3 0.56125 0.662963 0.007499999999999951 0.01111200000000001
3 0.5618749999999999 0.5560185 0.006249999999999978 0.010184999999999889
3 0.5625 0.5921295 0.007500000000000062 0.01388899999999993
3 0.5671875 0.4611115 0.009375000000000022 0.012963000000000002
3 0.5715625 0.5083335 0.008125000000000049 0.012962999999999836
3 0.578125 0.6944444999999999 0.007500000000000062 0.009259000000000017
3 0.5856250000000001 0.5333334999999999 0.007499999999999951 0.009259000000000017
3 0.588125 0.6055555000000001 0.007500000000000062 0.009259000000000017
3 0.58875 0.6398145 0.008750000000000036 0.009258999999999906
3 0.60375 0.6231485 0.007500000000000062 0.014815000000000023
3 0.605 0.7069445 0.010000000000000009 0.015741000000000005
3 0.61875 0.6212965 0.007500000000000062 0.011111000000000093
3 0.6225 0.599537 0.008749999999999925 0.013888000000000011
3 0.62875 0.5893515 0.008750000000000036 0.015741000000000005
3 0.635625 0.6425924999999999 0.007500000000000062 0.011110999999999982
3 0.6421875 0.5578704999999999 0.008124999999999938 0.01759300000000008
3 0.6443749999999999 0.6166665 0.007499999999999951 0.012962999999999836
3 0.6575 0.6356485000000001 0.007499999999999951 0.01388900000000004
3 0.6599999999999999 0.4583335 0.007499999999999951 0.011111000000000093
3 0.661875 0.5111114999999999 0.008750000000000036 0.011110999999999982
