3 0.013672 0.0253905 0.009766000000000002 0.019531
3 0.019531 0.623698 0.013672000000000002 0.013020000000000032
3 0.033202999999999996 0.0117185 0.013671999999999997 0.020832999999999997
3 0.037109 0.298177 0.017578000000000003 0.020833999999999964
3 0.037109500000000004 0.3476565 0.009765000000000003 0.015625
3 0.058105000000000004 0.2897135 0.024413999999999998 0.022135000000000016
3 0.05957 0.188151 0.01367199999999999 0.022136000000000017
3 0.0698245 0.003906 0.018554999999999988 0.007812
3 0.143555 0.0852865 0.027344000000000007 0.027343000000000006
3 0.1796875 0.9746095 0.023436999999999986 0.024739000000000066
3 0.2353515 0.36653650000000004 0.015625 0.01953100000000002
3 0.34765599999999997 0.11263000000000001 0.009765999999999997 0.022136000000000003
3 0.42822249999999995 0.0058595 0.018555000000000044 0.011719
3 0.479004 0.8808595 0.01660200000000006 0.019530999999999965
3 0.608887 0.5944015 0.02050799999999997 0.045572999999999975
3 0.6079105 0.796224 0.008789000000000047 0.011718000000000006
3 0.6376955 0.9908855 0.021484999999999976 0.01302099999999995
3 0.6591795 0.31966150000000004 0.019530999999999965 0.032553
3 0.6684570000000001 0.251953 0.016601999999999895 0.024739999999999984
3 0.7119139999999999 0.216146 0.019531999999999994 0.028646000000000005
3 0.7373045 0.2102865 0.029296999999999906 0.024738999999999983
3 0.7949219999999999 0.064453 0.017577999999999983 0.027344
3 0.8066405000000001 0.1835935 0.025391000000000052 0.018228999999999995
3 0.875488 0.6367185000000001 0.02050799999999997 0.046875
3 0.8847655 0.1647135 0.021484999999999976 0.016926999999999998
3 0.9497074999999999 0.654297 0.022460999999999953 0.022135999999999934
