3 0.365 0.351875 0.07166600000000001 0.09375
3 0.059167 0.55375 0.065 0.09750000000000003
3 0.08291649999999999 0.6012500000000001 0.06083299999999999 0.07999999999999996
3 0.180417 0.6556249999999999 0.08249999999999999 0.09875
3 0.17833349999999998 0.48 0.058332999999999996 0.10000000000000003
3 0.23458299999999999 0.1825 0.0675 0.10250000000000001
3 0.29875 0.81875 0.08916599999999997 0.08499999999999996
3 0.29625 0.739375 0.07916599999999996 0.09375
3 0.36666699999999997 0.885 0.07 0.07000000000000006
3 0.37166699999999997 0.1475 0.07500000000000001 0.11499999999999999
3 0.41833299999999995 0.958125 0.07 0.07374999999999998
3 0.499583 0.08625000000000001 0.07250000000000001 0.0975
3 0.7408330000000001 0.0875 0.07999999999999996 0.10999999999999999
3 0.914167 0.049375 0.07500000000000007 0.09875
