3 0.056874999999999995 0.7956350000000001 0.06375 0.13293600000000005
3 0.135 0.7723215000000001 0.05750000000000001 0.14186500000000002
3 0.1821875 0.7733135 0.05812499999999998 0.127977
3 0.25 0.7420635 0.0625 0.17063499999999987
3 0.318125 0.744048 0.06 0.15872999999999993
3 0.39625 0.7380955 0.0625 0.13888899999999993
3 0.45125000000000004 0.7023809999999999 0.08124999999999999 0.21825400000000006
3 0.500625 0.733135 0.06875000000000003 0.15674600000000005
3 0.5665625000000001 0.7247025 0.073125 0.17361099999999996
3 0.63 0.7237104999999999 0.06624999999999992 0.13789700000000005
3 0.676875 0.6984125 0.05499999999999994 0.1686510000000001
3 0.6984375 0.7276784999999999 0.06562499999999993 0.145833
3 0.7225 0.6914685 0.05125000000000002 0.166667
3 0.808125 0.6929565 0.16375000000000006 0.20337300000000003
3 0.9415625000000001 0.687996 0.11562499999999998 0.1894840000000001
