3 0.2440625 0.2375 0.018125000000000002 0.014999999999999986
3 0.29093749999999996 0.2570835 0.01687500000000003 0.020833000000000018
3 0.3009375 0.634583 0.015625 0.022499999999999964
3 0.299375 0.628333 0.010000000000000009 0.010000000000000009
3 0.3096875 0.6533329999999999 0.013124999999999998 0.015000000000000013
3 0.3203125 0.6775 0.02312499999999995 0.018334000000000072
3 0.3234375 0.5983335000000001 0.021874999999999978 0.011666999999999983
3 0.3253125 0.6220835 0.018125000000000002 0.015832999999999986
3 0.3340625 0.24 0.020625000000000004 0.013334000000000013
3 0.33406250000000004 0.2745835 0.018125000000000002 0.02083299999999999
3 0.3375 0.6095835000000001 0.011250000000000038 0.01416699999999993
3 0.3459375 0.703333 0.013124999999999998 0.015000000000000013
3 0.3484375 0.6000000000000001 0.015625 0.015000000000000013
3 0.3534375 0.6058335 0.020625000000000004 0.01333300000000004
3 0.36812500000000004 0.7537499999999999 0.03875000000000001 0.07916599999999996
3 0.37375 0.287917 0.011250000000000038 0.017500000000000016
3 0.383125 0.56125 0.011249999999999982 0.022499999999999964
3 0.3890625 0.5704165 0.015625 0.01416700000000004
3 0.41031249999999997 0.5283335 0.018125000000000002 0.018332999999999933
3 0.4109375 0.5458335000000001 0.016874999999999973 0.008333000000000035
3 0.4203125 0.5079165 0.01687500000000003 0.015832999999999986
3 0.4265625 0.31125 0.016874999999999973 0.01916599999999996
3 0.42781250000000004 0.2458335 0.014374999999999971 0.00833299999999998
3 0.4325 0.5345835000000001 0.015000000000000013 0.010832999999999982
3 0.4359375 0.5154164999999999 0.014374999999999971 0.02083299999999999
3 0.4565625 0.5370835 0.011875000000000024 0.015832999999999986
3 0.4615625 0.33125000000000004 0.011875000000000024 0.017500000000000016
3 0.4640625 0.517083 0.016874999999999973 0.01749999999999996
3 0.48343749999999996 0.3504165 0.01687500000000003 0.02083299999999999
3 0.48343749999999996 0.5137499999999999 0.01687500000000003 0.014166000000000012
3 0.4871875 0.562917 0.014375000000000027 0.01750000000000007
3 0.49 0.2441665 0.013749999999999984 0.01166700000000001
3 0.5046875 0.38375000000000004 0.023125000000000007 0.02250000000000002
3 0.5081249999999999 0.478333 0.011250000000000093 0.015000000000000013
3 0.5146875 0.45875 0.014375000000000027 0.017500000000000016
3 0.53 0.45375 0.011249999999999982 0.02083400000000002
3 0.5365625 0.407083 0.021874999999999978 0.017500000000000016
3 0.5440625 0.43875 0.01937499999999992 0.01916599999999996
3 0.5771875 0.2504165 0.020625000000000004 0.014167000000000013
3 0.5965625 0.6120835 0.018124999999999947 0.015832999999999986
3 0.6268750000000001 0.2425 0.016249999999999987 0.015000000000000013
3 0.6353125 0.5983335000000001 0.020625000000000004 0.011666999999999983
3 0.6359375 0.2254165 0.021874999999999978 0.01916699999999999
3 0.6625 0.6 0.012499999999999956 0.008334000000000064
3 0.6771875 0.23375 0.016875000000000084 0.022499999999999992
3 0.6759375000000001 0.722083 0.011874999999999969 0.022499999999999964
3 0.7153125 0.23375 0.018124999999999947 0.022499999999999992
3 0.7171875000000001 0.734167 0.011874999999999969 0.015000000000000013
3 0.7365625 0.6404164999999999 0.016874999999999973 0.010832999999999982
3 0.78 0.734167 0.015000000000000013 0.015000000000000013
3 0.8321875000000001 0.7420835 0.009375000000000022 0.010833000000000093
3 0.8871875 0.7454164999999999 0.010624999999999996 0.010832999999999982
3 0.9290625 0.745417 0.016874999999999973 0.01750000000000007
3 0.974375 0.7558335 0.013749999999999929 0.016666999999999987
