3 0.419375 0.4521575 0.018750000000000044 0.01688500000000004
3 0.4553125 0.4521575 0.021874999999999978 0.01688500000000004
3 0.49624999999999997 0.44840500000000005 0.01874999999999999 0.024389999999999967
3 0.5334375 0.456848 0.01937499999999992 0.022514000000000034
3 0.5609375 0.46247649999999996 0.018124999999999947 0.018760999999999972
3 0.578125 0.5858350000000001 0.011249999999999982 0.01969999999999994
3 0.5878125000000001 0.5609755000000001 0.018125000000000058 0.015008999999999939
3 0.600625 0.47045000000000003 0.015000000000000013 0.019699999999999995
3 0.600625 0.5262665 0.012500000000000067 0.02626700000000004
3 0.625625 0.490619 0.013749999999999929 0.02063799999999999
3 0.6559375000000001 0.457317 0.014374999999999916 0.040337999999999985
