3 0.440625 0.564917 0.05125000000000002 0.118784
3 0.0428125 0.25069050000000004 0.079375 0.078729
3 0.04 0.48895 0.058750000000000004 0.10221000000000008
3 0.065 0.085635 0.08124999999999999 0.116022
3 0.054375 0.3825965 0.051250000000000004 0.09392299999999998
3 0.068125 0.36533150000000003 0.05375 0.04281700000000005
3 0.07375000000000001 0.167127 0.0475 0.11049800000000003
3 0.0746875 0.607735 0.040625 0.12430999999999992
3 0.09968750000000001 0.6733425 0.029375 0.06215499999999996
3 0.13718750000000002 0.4972375 0.074375 0.08011100000000004
3 0.16 0.4551105 0.057499999999999996 0.06767899999999999
3 0.18656250000000002 0.945442 0.024375000000000008 0.06491800000000003
3 0.21687499999999998 0.811464 0.06375 0.10082800000000003
3 0.225625 0.6553865000000001 0.05624999999999997 0.06215500000000007
3 0.26187499999999997 0.2879835 0.06124999999999997 0.05110500000000007
3 0.2846875 0.5752760000000001 0.06187500000000001 0.059392
3 0.295625 0.3639505 0.044999999999999984 0.06215500000000007
3 0.32718749999999996 0.6843919999999999 0.03562499999999996 0.07320399999999994
3 0.3671875 0.8411599999999999 0.078125 0.06629800000000008
3 0.3571875 0.18577349999999998 0.044375 0.07872900000000002
3 0.37312500000000004 0.8598064999999999 0.048750000000000016 0.16436499999999998
3 0.4046875 0.5711325 0.06562499999999999 0.051104999999999956
3 0.4109375 0.47030399999999994 0.046875 0.09806599999999993
3 0.4090625 0.287983 0.03312499999999996 0.08425400000000002
3 0.41812499999999997 0.8936465 0.04624999999999996 0.10773499999999991
3 0.48406250000000006 0.792127 0.05812500000000004 0.06215400000000004
3 0.48843749999999997 0.5255525000000001 0.038124999999999964 0.09530300000000003
3 0.6012500000000001 0.832873 0.03375000000000006 0.13259599999999994
3 0.7671875 0.9585635 0.03687499999999999 0.08011100000000004
3 0.836875 0.862569 0.053749999999999964 0.03452999999999995
3 0.8475 0.7548345 0.053749999999999964 0.08977900000000005
3 0.88625 0.8087015 0.04499999999999993 0.05110500000000007
3 0.9753125 0.81837 0.04812499999999997 0.09254200000000001
