3 0.5349999999999999 0.34287049999999997 0.11124999999999996 0.17166900000000002
3 0.044375 0.4709195 0.006249999999999999 0.011256999999999961
3 0.055624999999999994 0.0272045 0.0075 0.011257000000000003
3 0.1003125 0.435272 0.005624999999999991 0.00938
3 0.135 0.3635085 0.05374999999999999 0.089119
3 0.45281249999999995 0.835835 0.023125000000000007 0.07879999999999998
3 0.46281249999999996 0.9418385 0.033125000000000016 0.11444700000000019
3 0.4671875 0.8663224999999999 0.021875000000000033 0.098499
3 0.605 0.8231710000000001 0.01750000000000007 0.08536600000000016
3 0.6715625000000001 0.8635085 0.020625000000000004 0.08911900000000006
3 0.6965625 0.8827395 0.024375000000000036 0.08067499999999994
3 0.7128125000000001 0.9441839999999999 0.030625000000000013 0.10412799999999989
3 0.7740625000000001 0.9554410000000001 0.030625000000000013 0.08724200000000004
3 0.858125 0.8217639999999999 0.08625000000000005 0.15197000000000005
