3 0.00625 0.6041665 0.0125 0.013332999999999928
3 0.0075 0.617083 0.015 0.012500000000000067
3 0.0075 0.63 0.015 0.013333999999999957
3 0.0159375 0.58125 0.031875 0.025834000000000024
3 0.029375 0.7016665 0.05875 0.053332999999999964
3 0.0709375 0.479583 0.141875 0.04249999999999998
3 0.008125 0.524167 0.00875 0.015000000000000013
3 0.0196875 0.5225 0.016875 0.008333999999999953
3 0.0325 0.557917 0.01125 0.01750000000000007
3 0.035 0.5483335 0.00875 0.011666999999999983
3 0.0403125 0.525 0.009375000000000001 0.010000000000000009
3 0.0459375 0.5275000000000001 0.013124999999999998 0.008333999999999953
3 0.049687499999999996 0.61125 0.018124999999999995 0.01083400000000001
3 0.0640625 0.71375 0.030625 0.025833999999999913
3 0.06937499999999999 0.526667 0.007499999999999993 0.010000000000000009
3 0.0753125 0.6216665 0.019375000000000003 0.01333300000000004
3 0.08687500000000001 0.53875 0.011249999999999996 0.01083400000000001
3 0.091875 0.5304165000000001 0.008750000000000008 0.010832999999999982
3 0.1246875 0.5766665 0.015625 0.0066669999999999785
3 0.125 0.5283329999999999 0.010000000000000009 0.009999999999999898
3 0.12625 0.5391665 0.0050000000000000044 0.0066669999999999785
3 0.130625 0.651667 0.01125000000000001 0.015000000000000013
3 0.14750000000000002 0.2279165 0.035 0.01916699999999999
3 0.1434375 0.5758335 0.016875 0.011667000000000094
3 0.2278125 0.48291649999999997 0.179375 0.03916699999999995
3 0.1571875 0.6816665 0.02562500000000001 0.05166700000000002
3 0.1765625 0.5441665 0.018125000000000002 0.0066669999999999785
3 0.1803125 0.5983335000000001 0.02312499999999998 0.011666999999999983
3 0.185 0.55375 0.00874999999999998 0.015834000000000015
3 0.2134375 0.6566665 0.015625 0.018333000000000044
3 0.23249999999999998 0.597083 0.03624999999999998 0.01749999999999996
3 0.2215625 0.5379164999999999 0.013124999999999998 0.009167000000000036
3 0.229375 0.6575 0.013749999999999984 0.013333999999999957
3 0.243125 0.5449999999999999 0.0050000000000000044 0.011666000000000065
3 0.25 0.53875 0.008750000000000008 0.01083400000000001
3 0.2796875 0.600833 0.06562499999999999 0.020000000000000018
3 0.2525 0.5758335 0.008750000000000008 0.008332999999999924
3 0.2559375 0.61875 0.010624999999999996 0.012499999999999956
3 0.26156250000000003 0.567083 0.011875000000000024 0.012499999999999956
3 0.2646875 0.6120829999999999 0.015625 0.012500000000000067
3 0.283125 0.6420835 0.025000000000000022 0.01416700000000004
3 0.29781250000000004 0.6758335 0.05437500000000001 0.053332999999999964
3 0.2759375 0.54125 0.0068749999999999645 0.012499999999999956
3 0.28312499999999996 0.575 0.007500000000000007 0.010000000000000009
3 0.286875 0.5449999999999999 0.007500000000000007 0.008333999999999953
3 0.3003125 0.6445835 0.020625000000000004 0.015832999999999986
3 0.2996875 0.6225 0.018125000000000002 0.008333999999999953
3 0.32437499999999997 0.6725000000000001 0.044999999999999984 0.046665999999999985
3 0.3109375 0.5354165 0.011875000000000024 0.01416700000000004
3 0.3146875 0.5533334999999999 0.014375000000000027 0.008333000000000035
3 0.40218750000000003 0.4804165 0.174375 0.034167
3 0.33218749999999997 0.545833 0.013124999999999998 0.010000000000000009
3 0.34687500000000004 0.6791665 0.03875000000000001 0.043333000000000066
3 0.3503125 0.61625 0.02437499999999998 0.014166000000000012
3 0.365625 0.5395835 0.044999999999999984 0.029166999999999943
3 0.37093750000000003 0.6225 0.05562499999999998 0.01833399999999996
3 0.36312500000000003 0.589583 0.013749999999999984 0.012499999999999956
3 0.3678125 0.5983335000000001 0.018125000000000002 0.011666999999999983
3 0.3753125 0.575 0.02562500000000001 0.013334000000000068
3 0.3740625 0.5920835 0.015625 0.01416700000000004
3 0.40249999999999997 0.55 0.028749999999999998 0.008333999999999953
3 0.3940625 0.5741665 0.009374999999999967 0.011666999999999983
3 0.39875000000000005 0.533333 0.007500000000000007 0.010000000000000009
3 0.4115625 0.6275 0.02562500000000001 0.011666000000000065
3 0.41031249999999997 0.61375 0.018125000000000002 0.009166000000000007
3 0.42374999999999996 0.69125 0.02999999999999997 0.04249999999999998
3 0.41625 0.5775 0.011249999999999982 0.008334000000000064
3 0.4271875 0.5387500000000001 0.02312499999999995 0.01749999999999996
3 0.42781250000000004 0.6016665 0.01687500000000003 0.011667000000000094
3 0.4296875 0.6533329999999999 0.013125000000000053 0.015000000000000013
3 0.4321875 0.5775 0.008125000000000049 0.008334000000000064
3 0.440625 0.5325 0.011249999999999982 0.011665999999999954
3 0.44343750000000004 0.6025 0.01687500000000003 0.010000000000000009
3 0.4453125 0.6412500000000001 0.020625000000000004 0.015834000000000015
3 0.44062500000000004 0.5487500000000001 0.00874999999999998 0.01749999999999996
3 0.47562499999999996 0.53625 0.052499999999999936 0.022499999999999964
3 0.47562499999999996 0.6320835 0.04250000000000004 0.01416700000000004
3 0.46781249999999996 0.5604169999999999 0.019374999999999976 0.012500000000000067
3 0.47750000000000004 0.5983335000000001 0.012500000000000011 0.008333000000000035
3 0.48906249999999996 0.6420835 0.025624999999999953 0.01416700000000004
3 0.4915625 0.605 0.018125000000000002 0.046665999999999985
3 0.541875 0.48125 0.11874999999999997 0.03249999999999997
3 0.4984375 0.620417 0.02062500000000006 0.022499999999999964
3 0.5059375 0.5404169999999999 0.015625000000000056 0.02749999999999997
3 0.5146875 0.631667 0.018125000000000058 0.010000000000000009
3 0.516875 0.5691664999999999 0.016249999999999987 0.008333000000000035
3 0.5271874999999999 0.40375 0.02937500000000004 0.012499999999999956
3 0.5309375000000001 0.6395835 0.024374999999999925 0.015832999999999986
3 0.5278125 0.5820835 0.010624999999999996 0.010832999999999982
3 0.541875 0.5662499999999999 0.03374999999999995 0.014166000000000012
3 0.53625 0.546667 0.013749999999999929 0.015000000000000013
3 0.5378125 0.6008335 0.016874999999999973 0.01333300000000004
3 0.5490625 0.5766665 0.01187500000000008 0.01333300000000004
3 0.549375 0.53 0.006249999999999978 0.00666599999999995
3 0.5628124999999999 0.4104165 0.03312499999999996 0.015832999999999986
3 0.5706249999999999 0.6275 0.04874999999999996 0.036665999999999976
3 0.555625 0.600833 0.016249999999999987 0.010000000000000009
3 0.558125 0.544167 0.006249999999999978 0.010000000000000009
3 0.579375 0.544583 0.03874999999999995 0.022500000000000075
3 0.5721875 0.5675 0.016874999999999973 0.011665999999999954
3 0.5775 0.6016665 0.011249999999999982 0.008332999999999924
3 0.59 0.412917 0.03125 0.017500000000000016
3 0.5878125000000001 0.6412500000000001 0.01937500000000003 0.015834000000000015
3 0.5896874999999999 0.568333 0.018125000000000058 0.010000000000000009
3 0.5871875 0.6016665 0.008125000000000049 0.011667000000000094
3 0.66875 0.4795835 0.14750000000000008 0.035833000000000004
3 0.614375 0.407917 0.028750000000000053 0.017500000000000016
3 0.6125 0.5670835 0.022500000000000075 0.015832999999999986
3 0.61625 0.545833 0.030000000000000027 0.020000000000000018
3 0.611875 0.64125 0.015000000000000013 0.019166000000000016
3 0.6209374999999999 0.604167 0.010624999999999996 0.010000000000000009
3 0.650625 0.16708299999999998 0.04749999999999999 0.022499999999999992
3 0.6487499999999999 0.5395835 0.039999999999999925 0.025832999999999995
3 0.6446875000000001 0.4070835 0.02937500000000004 0.015832999999999986
3 0.6403125000000001 0.5662499999999999 0.010624999999999996 0.014166000000000012
3 0.6446875000000001 0.5533330000000001 0.009375000000000022 0.0050000000000000044
3 0.673125 0.6925 0.05874999999999997 0.05499999999999994
3 0.6525 0.6000000000000001 0.008750000000000036 0.015000000000000013
3 0.6578125 0.6129165000000001 0.016874999999999973 0.010832999999999982
3 0.6621874999999999 0.55 0.010624999999999996 0.008333999999999953
3 0.6640625 0.6433335 0.014375000000000027 0.008332999999999924
3 0.6821875 0.605 0.013124999999999942 0.010000000000000009
3 0.6912499999999999 0.5449999999999999 0.006249999999999978 0.008333999999999953
3 0.7178125 0.703333 0.051875000000000004 0.06000000000000005
3 0.6984375 0.5783335000000001 0.011874999999999969 0.011666999999999983
3 0.69625 0.53125 0.006249999999999978 0.009166000000000007
3 0.7146875 0.6425000000000001 0.014375000000000027 0.008333999999999953
3 0.7178125 0.632083 0.020625000000000004 0.012500000000000067
3 0.7190624999999999 0.60375 0.02312499999999995 0.014165999999999901
3 0.714375 0.5804165 0.008750000000000036 0.010833000000000093
3 0.7678125 0.5408335 0.10812500000000003 0.03833300000000006
3 0.7365625 0.5841665 0.016874999999999973 0.011666999999999983
3 0.7409375 0.6166665 0.015625 0.011667000000000094
3 0.8674999999999999 0.47791649999999997 0.26375000000000004 0.029167
3 0.7475 0.6425000000000001 0.015000000000000013 0.011666000000000065
3 0.8740625 0.4433335 0.250625 0.021666999999999992
3 0.7634375 0.6004165 0.016874999999999973 0.01416700000000004
3 0.7828125 0.6141665000000001 0.026874999999999982 0.013332999999999928
3 0.8003125 0.704583 0.023125000000000062 0.02749999999999997
3 0.805625 0.6416665 0.02375000000000005 0.01333300000000004
3 0.8228125 0.710833 0.05812500000000009 0.05500000000000005
3 0.8043750000000001 0.577083 0.007499999999999951 0.012499999999999956
3 0.8159375 0.619583 0.015625 0.01750000000000007
3 0.8278125000000001 0.643333 0.020625000000000004 0.010000000000000009
3 0.8509375 0.643333 0.023125000000000062 0.010000000000000009
3 0.8743749999999999 0.5466664999999999 0.04749999999999999 0.036667000000000005
3 0.8609375 0.6020835 0.018124999999999947 0.010832999999999982
3 0.8890625 0.645 0.016874999999999973 0.013333999999999957
3 0.90625 0.57875 0.010000000000000009 0.009166000000000007
3 0.90625 0.6020835 0.010000000000000009 0.010832999999999982
3 0.9275 0.5504165 0.04499999999999993 0.029166999999999943
3 0.9146875 0.5795835 0.01187500000000008 0.010832999999999982
3 0.9259375000000001 0.6054165 0.018125000000000058 0.01416700000000004
3 0.9309375 0.3229165 0.028124999999999956 0.015832999999999986
3 0.9590624999999999 0.23375 0.018125000000000058 0.02083399999999999
3 0.9796875 0.5466664999999999 0.03937500000000005 0.036667000000000005
3 0.9765625 0.6025 0.01937499999999992 0.010000000000000009
3 0.9778125 0.63 0.021874999999999978 0.010000000000000009
3 0.985 0.38749999999999996 0.028750000000000053 0.013334000000000013
3 0.9871875 0.6216665 0.01937499999999992 0.01333300000000004
3 0.9940625000000001 0.6295835000000001 0.010624999999999996 0.019167000000000045
