3 0.45398299999999997 0.29000000000000004 0.12993 0.065
3 0.49961350000000004 0.7718750000000001 0.9992270000000001 0.45499999999999996
3 0.058391 0.204375 0.11214199999999999 0.04125000000000001
3 0.060324499999999996 0.4984375 0.11600899999999999 0.044375
3 0.1299305 0.1028125 0.10363499999999999 0.015625
3 0.134184 0.3128125 0.09976800000000001 0.015625
3 0.1531325 0.608125 0.05259100000000003 0.018750000000000044
3 0.1782675 0.5596874999999999 0.07811299999999999 0.020625000000000004
3 0.24825999999999998 0.5921875 0.06187200000000001 0.026874999999999982
3 0.323279 0.0403125 0.16859999999999997 0.048125
3 0.4006185 0.6109375 0.057230999999999976 0.024375000000000036
3 0.470224 0.52625 0.12064999999999998 0.03249999999999997
3 0.451276 0.5996875 0.061097999999999986 0.02562500000000001
3 0.457463 0.435 0.04872399999999999 0.020000000000000018
3 0.5030935 0.52125 0.07965899999999992 0.06
3 0.5866205 0.376875 0.08275300000000008 0.020000000000000018
3 0.622583 0.4778125 0.09899400000000003 0.02062499999999995
3 0.6337969999999999 0.090625 0.07192600000000005 0.028749999999999998
3 0.6670535000000001 0.4625 0.09048699999999998 0.013749999999999984
3 0.689095 0.3196875 0.09744799999999998 0.02562500000000001
3 0.793503 0.43343750000000003 0.13302400000000003 0.03437499999999999
3 0.856922 0.2375 0.05723199999999995 0.018750000000000017
3 0.943929 0.2496875 0.10750199999999988 0.039374999999999966
3 0.9481825000000002 0.5271874999999999 0.05259099999999994 0.020625000000000004
