3 0.8215625 0.227139 0.07062500000000005 0.11799399999999999
3 0.03875 0.15044249999999998 0.0575 0.086529
3 0.0765625 0.6179939999999999 0.064375 0.05408000000000002
3 0.08875 0.5319564999999999 0.06249999999999999 0.023599000000000037
3 0.139375 0.6760079999999999 0.036250000000000004 0.046213999999999866
3 0.219375 0.1789575 0.04000000000000001 0.08062899999999995
3 0.236875 0.653884 0.04625000000000001 0.058997999999999884
3 0.26875 0.6337265000000001 0.06374999999999997 0.026549000000000045
3 0.273125 0.594395 0.04500000000000004 0.10127799999999998
3 0.30125 0.6902655 0.04749999999999999 0.029498999999999942
3 0.298125 0.423304 0.03375 0.044247999999999954
3 0.3053125 0.7797445 0.03687499999999999 0.015732999999999997
3 0.3346875 0.8151425 0.03687500000000005 0.021633000000000013
3 0.37187499999999996 0.1145525 0.06 0.10914499999999999
3 0.406875 0.391347 0.06125000000000003 0.07669600000000004
3 0.3934375 0.7163225 0.02937500000000004 0.03048099999999998
3 0.451875 0.5884955 0.03875000000000001 0.044246999999999925
3 0.481875 0.08947849999999999 0.08875 0.135693
3 0.5096875000000001 0.313176 0.028125000000000067 0.022616000000000025
3 0.55625 0.40708 0.050000000000000044 0.07669599999999999
3 0.63125 0.1774825 0.07125000000000004 0.048181
3 0.6221874999999999 0.6258605 0.020625000000000004 0.034415000000000084
3 0.67625 0.423304 0.09499999999999997 0.06391399999999997
3 0.66125 0.5201575 0.0475000000000001 0.08849499999999999
3 0.769375 0.535398 0.05125000000000002 0.04621400000000009
3 0.90875 0.30629300000000004 0.0675 0.11307800000000004
3 0.9503125 0.623402 0.04812499999999997 0.082596
