3 0.22656300000000001 0.3919275 0.09375 0.138021
3 0.033691 0.654948 0.038086 0.0364580000000001
3 0.1362305 0.9622394999999999 0.057617000000000015 0.07031299999999996
3 0.129883 0.6595055 0.03906200000000003 0.040364999999999984
3 0.178711 0.5540365 0.054688000000000014 0.055989000000000066
3 0.202637 0.8294269999999999 0.034180000000000016 0.03645799999999999
3 0.32666 0.9882815 0.045897999999999994 0.02083299999999999
3 0.34863299999999997 0.7610675 0.072266 0.045572999999999975
3 0.34375 0.6464845 0.03320400000000001 0.024739000000000066
3 0.3916015 0.797526 0.04492099999999999 0.06380200000000003
3 0.4111325 0.67513 0.029297000000000017 0.024739999999999984
3 0.4160155 0.7109375 0.01953100000000002 0.015625
3 0.47314500000000004 0.8385415 0.1005859999999999 0.14843700000000004
3 0.51416 0.763021 0.06543000000000004 0.06510400000000005
3 0.5571285 0.8164065 0.10253899999999994 0.166667
3 0.5527345 0.6074219999999999 0.08789099999999994 0.08984399999999992
3 0.6445314999999999 0.470703 0.015625 0.04036400000000001
3 0.666992 0.7877605000000001 0.027344000000000035 0.026041000000000092
3 0.7167969999999999 0.8841145 0.02343799999999996 0.02604099999999998
3 0.730957 0.7382815 0.03613200000000005 0.02083299999999999
3 0.780273 0.4589845 0.10742200000000002 0.04557300000000003
3 0.7832034999999999 0.7773435 0.019530999999999965 0.02343700000000004
3 0.787598 0.8528644999999999 0.028320000000000012 0.02343700000000004
3 0.8881835 0.9713544999999999 0.032226999999999784 0.02083299999999999
3 0.9614259999999999 0.8144534999999999 0.06152400000000002 0.045572999999999975
3 0.9873045 0.7272135 0.021484999999999865 0.048177000000000025
