3 0.291875 0.1873435 0.07 0.07894700000000002
3 0.0075 0.4530075 0.015 0.031328999999999996
3 0.0325 0.40037600000000007 0.065 0.073934
3 0.22031250000000002 0.3721805 0.074375 0.08020100000000002
3 0.22125 0.2192985 0.048750000000000016 0.06766899999999998
3 0.2534375 0.7449875 0.05687499999999998 0.05889699999999998
3 0.30281250000000004 0.6998745 0.070625 0.07644099999999998
3 0.4009375 0.050125 0.06187500000000001 0.07769400000000001
3 0.421875 0.5482454999999999 0.09624999999999995 0.27694300000000005
3 0.42593749999999997 0.18609050000000002 0.080625 0.07142900000000002
3 0.44875 0.31077699999999997 0.057499999999999996 0.09022599999999997
3 0.44999999999999996 0.22117799999999999 0.06 0.048872
3 0.495625 0.06829550000000001 0.06374999999999997 0.061403
3 0.5065625 0.58396 0.06812500000000005 0.09774399999999994
3 0.5228125 0.6641604999999999 0.07437500000000008 0.10776899999999989
3 0.5521875 0.079574 0.07437499999999997 0.078948
3 0.5475 0.3414785 0.0625 0.09398499999999999
3 0.5584374999999999 0.48496249999999996 0.06437499999999996 0.09022499999999994
3 0.5609375 0.251253 0.06687500000000002 0.06892199999999996
3 0.5784374999999999 0.20363399999999998 0.07062500000000005 0.066416
3 0.596875 0.1535085 0.04625000000000001 0.05889699999999999
3 0.60375 0.679198 0.06000000000000005 0.06265600000000004
3 0.6359375 0.54198 0.07062500000000005 0.07894800000000002
3 0.6421875 0.5958645 0.06562500000000004 0.09398499999999999
3 0.6584375 0.248747 0.07687500000000003 0.058898000000000006
3 0.6525000000000001 0.6616545 0.057499999999999996 0.10275699999999999
3 0.6678124999999999 0.17293250000000002 0.08062500000000006 0.09774500000000004
3 0.6903125 0.218045 0.07437500000000008 0.03759399999999999
3 0.74875 0.3502505 0.057499999999999996 0.08145300000000005
3 0.7715624999999999 0.031955000000000004 0.07562499999999994 0.05137800000000001
3 0.7890625 0.28884699999999996 0.06687500000000002 0.081454
3 0.8090625 0.218045 0.07062499999999994 0.075188
3 0.828125 0.28884699999999996 0.07000000000000006 0.07142799999999999
3 0.8340624999999999 0.39661650000000004 0.07437499999999997 0.04135300000000003
3 0.8465625 0.361529 0.06437500000000007 0.04887200000000003
3 0.923125 0.2863405 0.06000000000000005 0.05639100000000008
