3 0.04375 0.560573 0.057499999999999996 0.06828200000000006
3 0.08875 0.6106830000000001 0.039999999999999994 0.04515400000000003
3 0.1015625 0.6822684999999999 0.03687499999999999 0.04955900000000002
3 0.1678125 0.34746699999999997 0.023125000000000007 0.038546000000000025
3 0.22125 0.6013215000000001 0.06375 0.07709299999999997
3 0.2315625 0.6855725 0.03562500000000002 0.04735700000000009
3 0.25 0.6150885 0.05000000000000002 0.040748999999999924
3 0.2828125 0.6095815 0.03812500000000002 0.05616699999999997
3 0.3375 0.6949335 0.05249999999999999 0.024229000000000056
3 0.4096875 0.69989 0.03812500000000002 0.03854599999999997
3 0.5525 0.5561675 0.040000000000000036 0.09030899999999997
3 0.6146875 0.6261015000000001 0.04062500000000002 0.06277499999999991
3 0.63 0.669053 0.06624999999999992 0.045153999999999916
3 0.6893750000000001 0.6205944999999999 0.04500000000000004 0.03414099999999998
3 0.6959375000000001 0.6486785 0.041874999999999996 0.030837000000000003
3 0.7165625 0.93337 0.083125 0.06277600000000005
3 0.7403124999999999 0.7681715 0.03312499999999996 0.040748999999999924
3 0.8196875 0.738436 0.03312500000000007 0.03854599999999997
3 0.8665625 0.7428414999999999 0.02937499999999993 0.038547
