3 0.91125 0.393058 0.06624999999999992 0.08442800000000006
3 0.10875 0.8766415 0.04000000000000001 0.04971900000000007
3 0.113125 0.2556285 0.03125 0.03470899999999999
3 0.2240625 0.44840500000000005 0.019375000000000003 0.06566599999999995
3 0.388125 0.7171670000000001 0.050000000000000044 0.04971800000000004
3 0.393125 0.527204 0.040000000000000036 0.065666
3 0.39625 0.8128519999999999 0.017500000000000016 0.040337999999999874
3 0.4559375 0.8653845 0.03687499999999999 0.038460999999999856
3 0.4515625 0.7556285 0.02562500000000001 0.04971899999999996
3 0.474375 0.920263 0.04125000000000001 0.0637899999999999
3 0.4828125 0.7068479999999999 0.03437499999999999 0.044090000000000074
3 0.4915625 0.48686650000000004 0.03687499999999999 0.07317099999999999
3 0.4840625 0.9540335 0.014375000000000027 0.05816099999999991
3 0.5134375 0.9075985000000001 0.04187500000000005 0.060975
3 0.5621875000000001 0.66182 0.024374999999999925 0.04596599999999995
3 0.5743750000000001 0.762195 0.03375000000000006 0.036585999999999896
3 0.58125 0.9193245000000001 0.04749999999999999 0.05440900000000004
3 0.625625 0.9770165 0.04125000000000001 0.030957000000000234
3 0.6525000000000001 0.913227 0.03375000000000006 0.042213999999999974
3 0.6915625 0.829737 0.034375000000000044 0.04408999999999996
3 0.7378125 0.6913695 0.03187499999999999 0.048781000000000074
3 0.7490625 0.696529 0.024375000000000036 0.04221399999999986
3 0.7831250000000001 0.6242965 0.03375000000000006 0.032833
3 0.8003125 0.7903374999999999 0.024375000000000036 0.03470899999999999
3 0.9624999999999999 0.6017825 0.036250000000000004 0.057223000000000024
