3 0.29375 0.7933195 0.09027799999999997 0.083507
3 0.5180555 0.5334030000000001 0.961111 0.390396
3 0.0680555 0.820459 0.058333 0.10438400000000003
3 0.1354165 0.900835 0.07638899999999998 0.08977000000000013
3 0.123611 0.8329850000000001 0.047221999999999986 0.07933200000000007
3 0.1340275 0.9718160000000001 0.051389000000000004 0.052192000000000016
3 0.15208349999999998 0.229645 0.05694500000000001 0.09603399999999998
3 0.3826385 0.7734865 0.07361099999999998 0.1148229999999999
3 0.42083299999999996 0.7192069999999999 0.047221999999999986 0.08977000000000002
3 0.45 0.796451 0.03888799999999992 0.10229600000000005
3 0.5493055 0.8872650000000001 0.09583299999999995 0.10855999999999999
