3 0.4253125 0.927767 0.070625 0.08442799999999995
3 0.4996875 0.36679150000000005 0.999375 0.311445
3 0.29625 0.7012195 0.5037499999999999 0.2429650000000001
3 0.16125 0.8991560000000001 0.06125 0.06097600000000003
3 0.1521875 0.959662 0.03812500000000002 0.06379000000000001
3 0.23812499999999998 0.9357409999999999 0.06125 0.07223199999999996
3 0.3534375 0.534709 0.030625000000000013 0.024389999999999912
3 0.38531249999999995 0.540807 0.013124999999999998 0.025328000000000017
3 0.4340625 0.532833 0.02812500000000001 0.009379999999999944
3 0.44437499999999996 0.5492495 0.012500000000000011 0.023453000000000057
3 0.47906249999999995 0.9502815 0.06687499999999996 0.05253300000000005
3 0.4621875 0.5905255 0.02812500000000001 0.029080999999999912
3 0.5015625 0.561445 0.019374999999999976 0.025327999999999906
3 0.5271874999999999 0.575516 0.021874999999999978 0.029079999999999995
3 0.5384375 0.5609755000000001 0.01187500000000008 0.01876100000000014
3 0.5546875 0.751407 0.03312500000000007 0.061914000000000025
3 0.5759375 0.6444655 0.024375000000000036 0.02814300000000003
3 0.5725 0.554878 0.015000000000000013 0.01970000000000005
3 0.5778125000000001 0.6965295 0.02312499999999995 0.055346999999999924
3 0.5809375 0.7617265 0.024375000000000036 0.05628499999999992
3 0.5803125 0.5408069999999999 0.013125000000000053 0.02157600000000004
3 0.5809375 0.520169 0.009374999999999911 0.027204000000000006
3 0.5890625 0.6543155 0.018125000000000058 0.051594999999999946
3 0.599375 0.575516 0.03125 0.029079999999999995
3 0.6134375000000001 0.6927764999999999 0.03312499999999996 0.051594999999999946
3 0.6128125 0.8076920000000001 0.02937499999999993 0.06379000000000001
3 0.6078125000000001 0.6552534999999999 0.009375000000000022 0.03470899999999999
3 0.6225 0.747186 0.036250000000000004 0.027204000000000006
3 0.6378125 0.6454035 0.038124999999999964 0.046904999999999974
3 0.6353125 0.6918390000000001 0.030625000000000013 0.04596600000000006
3 0.645 0.7743905 0.040000000000000036 0.04971899999999996
3 0.6359375 0.5623830000000001 0.016875000000000084 0.027204000000000006
3 0.6390625 0.543621 0.023125000000000062 0.02345200000000003
3 0.6553125 0.792214 0.021874999999999978 0.044090000000000074
3 0.6621874999999999 0.7002809999999999 0.030625000000000013 0.044090000000000074
3 0.6684375 0.7387429999999999 0.02562500000000001 0.044090000000000074
3 0.67875 0.9835834999999999 0.04625000000000001 0.030957000000000234
3 0.6765625 0.6252344999999999 0.02312499999999995 0.029081000000000023
3 0.6840625 0.6772985 0.02562500000000001 0.05628499999999992
3 0.6878124999999999 0.795497 0.020625000000000004 0.06941799999999998
3 0.7065625 0.5717635 0.01937500000000003 0.04033700000000007
3 0.7146875 0.7598499999999999 0.028124999999999956 0.048779999999999935
3 0.7303125 0.6974675 0.02562500000000001 0.0347090000000001
3 0.7403125 0.729362 0.02562500000000001 0.04408999999999996
3 0.75 0.7893995 0.03750000000000009 0.05722299999999991
3 0.7471875 0.676829 0.01937499999999992 0.04408999999999996
3 0.7725 0.7152909999999999 0.04125000000000001 0.04784200000000005
3 0.7731250000000001 0.8212945 0.03749999999999998 0.05909900000000001
3 0.7828125 0.6318015000000001 0.018124999999999947 0.03470899999999999
3 0.7909375000000001 0.859756 0.024374999999999925 0.04784200000000005
3 0.7971874999999999 0.68152 0.02937500000000004 0.042213999999999974
3 0.7990625 0.733114 0.030625000000000013 0.044090000000000074
3 0.8300000000000001 0.5445595000000001 0.01749999999999996 0.032833
3 0.8396875 0.620544 0.024375000000000036 0.03470999999999991
3 0.8465625 0.7242025000000001 0.038124999999999964 0.05065700000000006
3 0.8715625 0.860694 0.06312499999999999 0.06097599999999992
3 0.875 0.9798310000000001 0.06374999999999997 0.03846200000000011
3 0.8584375 0.676829 0.02562500000000001 0.04408999999999996
3 0.855625 0.5492495 0.012499999999999956 0.023453000000000057
3 0.889375 0.812852 0.050000000000000044 0.042213999999999974
3 0.8840625 0.5830204999999999 0.02562500000000001 0.032833
3 0.9043749999999999 0.7560975 0.01749999999999996 0.05628499999999992
3 0.9203125 0.59803 0.024375000000000036 0.040337999999999985
3 0.9453125 0.6937145 0.03562500000000002 0.03470899999999988
3 0.9503125 0.5614444999999999 0.03562500000000002 0.032833
3 0.95875 0.5914635 0.016249999999999987 0.0309569999999999
3 0.9709375 0.7879925000000001 0.03562500000000002 0.06941900000000001
3 0.9765625 0.6139775000000001 0.034375000000000044 0.032833
3 0.9846874999999999 0.576454 0.021874999999999978 0.03471000000000002
3 0.9915625 0.75 0.015625 0.040337999999999985
3 0.9921875 0.643058 0.014375000000000027 0.038461999999999996
