3 0.2184375 0.3983335 0.136875 0.29166699999999995
3 0.0403125 0.4975 0.080625 0.318334
3 0.064375 0.18125 0.12875 0.344166
3 0.4425 0.42166649999999994 0.31000000000000005 0.253333
3 0.45281249999999995 0.265833 0.253125 0.265
3 0.48062499999999997 0.5545835 0.29875 0.29083299999999995
3 0.545625 0.11666649999999999 0.11874999999999997 0.23333299999999998
3 0.6671875 0.0820835 0.13437500000000002 0.164167
3 0.7406250000000001 0.2445835 0.11875000000000002 0.280833
3 0.8053125000000001 0.1866665 0.10312500000000002 0.30333299999999996
3 0.8531249999999999 0.345 0.15000000000000002 0.32
3 0.9184375 0.4175 0.161875 0.323334
