3 0.7052085 0.159804 0.12708300000000006 0.158824
3 0.0208335 0.6235295 0.041667 0.05098099999999994
3 0.0302085 0.5392159999999999 0.060417 0.03921600000000003
3 0.0302085 0.7009805 0.060417 0.049018999999999924
3 0.0546875 0.26078450000000003 0.109375 0.04705899999999999
3 0.0875 0.3813725 0.175 0.16274499999999997
3 0.021354 0.652941 0.036458 0.03921599999999992
3 0.015625 0.37843099999999996 0.022916 0.019608000000000014
3 0.0765625 0.5205885 0.067709 0.07647100000000001
3 0.10625 0.742157 0.10624999999999998 0.07646999999999993
3 0.2145835 0.11372550000000001 0.21458300000000002 0.176471
3 0.1552085 0.4156865 0.091667 0.027451000000000003
3 0.1651045 0.3284315 0.071875 0.08431300000000003
3 0.184896 0.614706 0.05520799999999998 0.06078399999999995
3 0.190104 0.273529 0.05729200000000001 0.04509799999999997
3 0.2265625 0.12352950000000001 0.080209 0.05882300000000003
3 0.4354165 0.6843135 0.483333 0.13333299999999992
3 0.26875 0.538235 0.139584 0.11568600000000001
3 0.26458349999999997 0.2480395 0.091667 0.09215699999999999
3 0.28125 0.369608 0.05208400000000002 0.04117599999999999
3 0.33125 0.169608 0.07291599999999998 0.10392200000000001
3 0.3598955 0.12254899999999999 0.109375 0.162746
3 0.36875 0.5196080000000001 0.03958400000000001 0.03921600000000003
3 0.4171875 0.5960785000000001 0.046875 0.04313699999999998
3 0.478125 0.266667 0.09583400000000003 0.10980399999999998
3 0.4895835 0.534314 0.029167000000000054 0.029411999999999994
3 0.597396 0.045098 0.14479200000000003 0.078432
3 0.5536460000000001 0.5186275 0.038541999999999965 0.033332999999999946
3 0.640104 0.594118 0.04479199999999994 0.01960800000000007
3 0.6828125 0.388235 0.05729099999999998 0.01960799999999996
3 0.7307295 0.515686 0.059374999999999956 0.03921599999999997
3 0.738542 0.47352950000000005 0.043749999999999956 0.025490999999999986
3 0.778646 0.407843 0.03645799999999999 0.01960800000000007
3 0.9036455 0.31666700000000003 0.171875 0.17058800000000002
3 0.8885415000000001 0.679412 0.02083299999999999 0.029411999999999994
3 0.9046875000000001 0.4058825 0.04062500000000002 0.031372999999999984
3 0.9546875 0.544118 0.044791000000000025 0.029411999999999994
3 0.9593750000000001 0.48039200000000004 0.035416 0.03921599999999997
3 0.978125 0.583333 0.039584000000000064 0.04509799999999986
3 0.9942705000000001 0.49117649999999996 0.009375000000000022 0.029410999999999965
