3 0.255 0.7327695000000001 0.057499999999999996 0.089727
3 0.14 0.8153445 0.04500000000000001 0.08842700000000003
3 0.34875 0.437581 0.04749999999999999 0.06111799999999995
3 0.38 0.6924575 0.04625000000000001 0.050714999999999955
3 0.470625 0.47074150000000003 0.04749999999999999 0.09622900000000006
3 0.48375 0.39661900000000005 0.04125000000000001 0.10403200000000007
3 0.5109375 0.37191149999999995 0.03562500000000007 0.080625
3 0.6934375 0.35565650000000004 0.046875 0.058516999999999986
3 0.7728125 0.46488950000000007 0.04437500000000005 0.08452500000000002
3 0.8190625 0.317945 0.03937500000000005 0.05331600000000003
