3 0.4971875 0.6493825 0.994375 0.38518500000000006
3 0.0240625 0.9 0.03937499999999999 0.09629599999999994
3 0.1734375 0.40123450000000005 0.030625000000000013 0.07160499999999997
3 0.164375 0.923457 0.010000000000000009 0.029629999999999823
3 0.2578125 0.965432 0.015625 0.06419799999999998
3 0.2865625 0.9530865 0.016874999999999973 0.03950699999999996
3 0.31343750000000004 0.9802469999999999 0.021875000000000033 0.03456800000000004
3 0.349375 0.9530865 0.013749999999999984 0.029629000000000127
3 0.4140625 0.9827159999999999 0.020625000000000004 0.029629999999999934
3 0.4453125 0.9604940000000001 0.021874999999999978 0.06419799999999998
3 0.473125 0.940741 0.020000000000000018 0.06419799999999987
3 0.5184375 0.9271605 0.01937499999999992 0.05185100000000009
3 0.5275000000000001 0.9827159999999999 0.016249999999999987 0.029629999999999934
3 0.5471874999999999 0.965432 0.020625000000000004 0.06419799999999998
3 0.5521875 0.9555555 0.024374999999999925 0.083951
3 0.5896874999999999 0.9555555 0.04312499999999997 0.083951
3 0.7024999999999999 0.940741 0.015000000000000013 0.04444399999999982
3 0.7921875 0.9395065 0.01937500000000003 0.07654300000000003
3 0.8790625000000001 0.593827 0.02312499999999995 0.09135800000000005
3 0.910625 0.9222219999999999 0.008750000000000036 0.05185200000000012
3 0.9606250000000001 0.722222 0.01375000000000004 0.056789999999999896
3 0.9784375 0.7098765 0.014375000000000027 0.05185100000000009
3 0.985625 0.7283949999999999 0.020000000000000018 0.04444400000000004
