3 0.278125 0.18814149999999996 0.12249999999999997 0.11111099999999999
3 0.0240625 0.29225049999999997 0.048125 0.06722699999999998
3 0.036875 0.553688 0.07375 0.08776799999999996
3 0.095 0.8057890000000001 0.10125 0.14565799999999995
3 0.1325 0.5975725000000001 0.10375000000000001 0.06909500000000002
3 0.2171875 0.9187675 0.07437500000000002 0.160597
3 0.22125 0.12371599999999999 0.04625000000000001 0.07002799999999998
3 0.3225 0.366947 0.08999999999999997 0.16620000000000007
3 0.325 0.487395 0.08999999999999997 0.16993400000000003
3 0.4096875 0.295051 0.08437500000000003 0.10270800000000005
3 0.5159374999999999 0.5303454999999999 0.07437499999999997 0.06909500000000002
3 0.546875 0.48832849999999994 0.05624999999999991 0.08403299999999997
3 0.57875 0.6059755 0.08499999999999996 0.085901
3 0.6696875 0.6167135 0.14812500000000006 0.11111099999999996
3 0.684375 0.30298800000000004 0.11375000000000002 0.10364200000000001
3 0.661875 0.557423 0.05624999999999991 0.09897200000000006
3 0.7728125 0.412698 0.09812500000000002 0.12138200000000005
3 0.766875 0.602241 0.04874999999999996 0.07096199999999997
3 0.8034375 0.22782450000000004 0.07062500000000005 0.09150300000000003
