3 0.02125 0.3088235 0.0425 0.07093499999999997
3 0.0159375 0.22058849999999997 0.030625 0.07785499999999998
3 0.09718750000000001 0.3490485 0.07062500000000001 0.11851300000000003
3 0.1278125 0.23183399999999998 0.075625 0.129758
3 0.1709375 0.6565745000000001 0.130625 0.12456699999999998
3 0.20968750000000003 0.848616 0.141875 0.21107200000000004
3 0.1975 0.2192905 0.0925 0.10813099999999998
3 0.3271875 0.401384 0.16687500000000002 0.294118
3 0.32437499999999997 0.581315 0.14625000000000005 0.15744000000000002
3 0.3065625 0.2417825 0.06687500000000002 0.09948099999999996
3 0.39 0.8105535 0.15125 0.15224900000000008
3 0.3609375 0.25389300000000004 0.060624999999999984 0.116782
3 0.559375 0.37889300000000004 0.24999999999999994 0.365052
3 0.6074999999999999 0.740917 0.14125 0.17214600000000002
3 0.7012499999999999 0.7815745000000001 0.16125 0.15830500000000003
3 0.7471875 0.2884945 0.11562500000000009 0.13235300000000003
3 0.7378125 0.18771600000000002 0.08562500000000006 0.13667800000000002
3 0.7584375 0.356834 0.12687500000000007 0.11678200000000005
3 0.7778125 0.38062299999999993 0.07687500000000003 0.133218
3 0.8196875 0.5994809999999999 0.109375 0.141868
3 0.8400000000000001 0.2569205 0.04749999999999999 0.12975699999999998
3 0.8978125 0.312284 0.07062499999999994 0.13840799999999998
3 0.9496875 0.8507785 0.09937499999999999 0.172145
3 0.9740625 0.181228 0.05062500000000003 0.14965400000000004
