3 0.0025 0.7383335 0.005 0.008333000000000035
3 0.003125 0.6866665000000001 0.00625 0.008333000000000035
3 0.0065625 0.6604165 0.013125 0.02083299999999999
3 0.0078125 0.567917 0.015625 0.012499999999999956
3 0.0109375 0.36041650000000003 0.021875 0.024166999999999994
3 0.4996875 0.7841670000000001 0.999375 0.43000000000000005
3 0.0096875 0.46958350000000004 0.016874999999999998 0.01916699999999999
3 0.005 0.71 0.004999999999999999 0.010000000000000009
3 0.02 0.3175 0.034999999999999996 0.04833399999999999
3 0.008125 0.7695835 0.0062499999999999995 0.009167000000000036
3 0.0096875 0.7954165 0.006874999999999999 0.009167000000000036
3 0.014062499999999999 0.6120835 0.015624999999999998 0.0208330000000001
3 0.0146875 0.59375 0.014374999999999999 0.015833999999999904
3 0.0140625 0.7883335 0.010624999999999999 0.008332999999999924
3 0.0146875 0.6875 0.009375 0.006666000000000061
3 0.019375 0.6420835 0.01 0.009167000000000036
3 0.020625 0.77125 0.0075 0.009166000000000007
3 0.0225 0.7016665 0.00875 0.0066669999999999785
3 0.025 0.6945835 0.006250000000000002 0.004167000000000032
3 0.025625 0.7470829999999999 0.0075 0.012500000000000067
3 0.0284375 0.6179165 0.008125 0.019166999999999934
3 0.0296875 0.6741665 0.008125000000000004 0.0066669999999999785
3 0.0353125 0.6454165 0.009375000000000001 0.015832999999999986
3 0.06937499999999999 0.018750000000000003 0.06999999999999999 0.030834000000000004
3 0.039375 0.6066665 0.008749999999999994 0.016666999999999987
3 0.04375 0.6904170000000001 0.010000000000000002 0.012500000000000067
3 0.045 0.635 0.010000000000000002 0.0050000000000000044
3 0.0521875 0.61875 0.019374999999999996 0.01083400000000001
3 0.055624999999999994 0.6766665000000001 0.0075 0.008333000000000035
3 0.0634375 0.47208300000000003 0.023125 0.02250000000000002
3 0.0678125 0.5887500000000001 0.016875 0.015834000000000015
3 0.09 0.2125 0.04625 0.03333400000000003
3 0.0728125 0.6583335 0.009374999999999994 0.0066669999999999785
3 0.08 0.6016665000000001 0.023749999999999993 0.031667
3 0.078125 0.64375 0.008750000000000008 0.009166000000000007
3 0.0953125 0.5075 0.015625 0.010000000000000009
3 0.1028125 0.628333 0.016875 0.015000000000000013
3 0.1290625 0.6058334999999999 0.015625 0.011666999999999983
3 0.1303125 0.5670835000000001 0.015625 0.019167000000000045
3 0.1459375 0.4779165 0.020625000000000004 0.02083299999999999
3 0.1765625 0.047499999999999994 0.071875 0.043334
3 0.16375 0.41375 0.03375 0.025834000000000024
3 0.175625 0.4429165 0.03125 0.025832999999999995
3 0.1721875 0.5341670000000001 0.011874999999999997 0.015000000000000013
3 0.176875 0.5333335 0.012500000000000011 0.016666999999999987
3 0.19625 0.49624999999999997 0.023749999999999993 0.02916599999999997
3 0.213125 0.45416650000000003 0.04125000000000001 0.05166699999999996
3 0.2159375 0.28500000000000003 0.043125 0.034999999999999976
3 0.24093749999999997 0.06958349999999999 0.061874999999999986 0.035833
3 0.22749999999999998 0.30374999999999996 0.0325 0.034165999999999974
3 0.25875000000000004 0.5375000000000001 0.03250000000000003 0.036665999999999976
3 0.27249999999999996 0.4929165 0.05124999999999996 0.029166999999999943
3 0.278125 0.0808335 0.04749999999999999 0.02833300000000001
3 0.280625 0.42874999999999996 0.030000000000000027 0.03583399999999998
3 0.30625 0.2695835 0.04250000000000004 0.024166999999999994
3 0.32906250000000004 0.0733335 0.06687499999999996 0.053333000000000005
3 0.3234375 0.489583 0.04812499999999997 0.03249999999999997
3 0.32218749999999996 0.54125 0.011875000000000024 0.007500000000000062
3 0.33218749999999997 0.5533335 0.014374999999999971 0.016666999999999987
3 0.3421875 0.562083 0.018125000000000002 0.007500000000000062
3 0.35624999999999996 0.4616665 0.03375 0.036667000000000005
3 0.3596875 0.5645830000000001 0.011874999999999969 0.012500000000000067
3 0.3696875 0.56875 0.014375000000000027 0.02083400000000002
3 0.3690625 0.5854170000000001 0.010624999999999996 0.012500000000000067
3 0.37875000000000003 0.59375 0.006250000000000033 0.009166000000000007
3 0.3853125 0.5945834999999999 0.011874999999999969 0.010832999999999982
3 0.398125 0.48375 0.03500000000000003 0.01916599999999996
3 0.4040625 0.6025 0.013124999999999998 0.008333999999999953
3 0.4046875 0.5679165 0.014374999999999971 0.015832999999999986
3 0.41500000000000004 0.5183335 0.034999999999999976 0.03333300000000006
3 0.4296875 0.56125 0.02312499999999995 0.029166000000000025
3 0.4309375 0.5120834999999999 0.02062499999999995 0.02083299999999999
3 0.4446875 0.4220835 0.04812499999999997 0.035833000000000004
3 0.43125 0.6066665 0.010000000000000009 0.01333300000000004
3 0.4453125 0.608333 0.010624999999999996 0.010000000000000009
3 0.45875 0.49375 0.03749999999999998 0.030834000000000028
3 0.46343749999999995 0.6066665 0.013124999999999998 0.01333300000000004
3 0.4846875 0.499583 0.04312499999999997 0.022499999999999964
3 0.4803125 0.54375 0.020625000000000004 0.02083400000000002
3 0.49593750000000003 0.6529165 0.02812500000000001 0.02416700000000005
3 0.5046875 0.59625 0.025624999999999953 0.014166000000000012
3 0.515625 0.460833 0.034999999999999976 0.04500000000000004
3 0.5040625000000001 0.665 0.009375000000000022 0.00666599999999995
3 0.5046875 0.5791665 0.010624999999999996 0.01333300000000004
3 0.5146875 0.6074999999999999 0.021874999999999978 0.011666000000000065
3 0.5134375 0.5662499999999999 0.016874999999999973 0.015834000000000015
3 0.5178125 0.6691665 0.015625 0.008332999999999924
3 0.5325 0.6495835000000001 0.030000000000000027 0.030833
3 0.5384374999999999 0.5641665 0.020625000000000004 0.016666999999999987
3 0.553125 0.535 0.03249999999999997 0.010000000000000009
3 0.548125 0.5929165000000001 0.01375000000000004 0.010832999999999982
3 0.549375 0.7012499999999999 0.01375000000000004 0.014166000000000012
3 0.5571875 0.6120835 0.021874999999999978 0.01416700000000004
3 0.5540625 0.6675 0.013125000000000053 0.011665999999999954
3 0.569375 0.6366665 0.015000000000000013 0.008333000000000035
3 0.59125 0.28500000000000003 0.04874999999999996 0.03333400000000003
3 0.5765625 0.6179165 0.014375000000000027 0.015832999999999986
3 0.5778125000000001 0.5900000000000001 0.014374999999999916 0.013334000000000068
3 0.586875 0.6383335 0.01375000000000004 0.011667000000000094
3 0.6125 0.5304165000000001 0.029999999999999916 0.019167000000000045
3 0.6128125 0.59875 0.014375000000000027 0.025833999999999913
3 0.6415625 0.0875 0.07187500000000002 0.045
3 0.623125 0.57375 0.030000000000000027 0.015834000000000015
3 0.629375 0.6058334999999999 0.011249999999999982 0.011666999999999983
3 0.6575 0.2354165 0.0625 0.024166999999999994
3 0.6528125 0.5900000000000001 0.011874999999999969 0.01666599999999996
3 0.6690625 0.5891664999999999 0.015625 0.011666999999999983
3 0.6853125 0.544583 0.026874999999999982 0.032500000000000084
3 0.696875 0.5279165 0.03249999999999997 0.02416700000000005
3 0.7221875 0.5754170000000001 0.023125000000000062 0.022500000000000075
3 0.7365625 0.28125 0.05062499999999992 0.022499999999999964
3 0.7324999999999999 0.59625 0.03375000000000006 0.029165999999999914
3 0.7328125 0.629167 0.014375000000000027 0.010000000000000009
3 0.7359375 0.679583 0.015625 0.012500000000000067
3 0.7540625000000001 0.6499999999999999 0.020625000000000004 0.04833399999999999
3 0.7634375 0.60375 0.023125000000000062 0.02416599999999991
3 0.785625 0.20750000000000002 0.06125000000000003 0.06666599999999998
3 0.7746875 0.65375 0.015625 0.015834000000000015
3 0.7778125 0.6620835 0.016874999999999973 0.019167000000000045
3 0.78625 0.39166650000000003 0.03125 0.04333300000000001
3 0.7896875 0.6595835000000001 0.01187500000000008 0.010832999999999982
3 0.7928124999999999 0.65 0.018125000000000058 0.008334000000000064
3 0.798125 0.5695835 0.028750000000000053 0.02083299999999999
3 0.7978125 0.4675 0.02562500000000001 0.013334000000000013
3 0.7978125 0.6958335 0.015625 0.016666999999999987
3 0.7987500000000001 0.6066665 0.008749999999999925 0.0066669999999999785
3 0.8121875000000001 0.5945834999999999 0.020625000000000004 0.01416699999999993
3 0.8159375 0.712083 0.013125000000000053 0.012499999999999956
3 0.8184374999999999 0.6333335 0.018125000000000058 0.011667000000000094
3 0.8284374999999999 0.729583 0.01937500000000003 0.012499999999999956
3 0.8278125 0.64625 0.015625 0.01083400000000001
3 0.839375 0.33999999999999997 0.03875000000000006 0.02999999999999997
3 0.839375 0.58375 0.026249999999999996 0.019166000000000016
3 0.85 0.54125 0.043749999999999956 0.03583399999999992
3 0.84 0.6033335 0.011249999999999982 0.0066669999999999785
3 0.87 0.47083299999999995 0.043749999999999956 0.05499999999999999
3 0.85875 0.6154165 0.012499999999999956 0.01416700000000004
3 0.8615625 0.70875 0.015625 0.005834000000000006
3 0.8746875000000001 0.5966670000000001 0.014374999999999916 0.009999999999999898
3 0.87875 0.705417 0.011249999999999982 0.012500000000000067
3 0.8828125 0.601667 0.01937499999999992 0.009999999999999898
3 0.9703125 0.0325 0.05812499999999998 0.065
3 0.9768749999999999 0.57625 0.03749999999999998 0.030834000000000028
3 0.9775 0.5170835 0.026249999999999996 0.01416700000000004
3 0.9884375000000001 0.55375 0.021874999999999978 0.014166000000000012
