3 0.06035 0.8137255 0.023139999999999994 0.02373500000000006
3 0.1563475 0.649123 0.210131 0.061919999999999975
3 0.10975599999999999 0.8034055 0.03439599999999998 0.02786299999999997
3 0.15666049999999998 0.8384929999999999 0.04065099999999999 0.034055999999999864
3 0.1707315 0.820433 0.03126899999999999 0.018575999999999926
3 0.22295149999999997 0.8044374999999999 0.025640999999999997 0.0423110000000001
3 0.272358 0.6795665 0.024389999999999967 0.029927000000000037
3 0.29299549999999996 0.677503 0.019386999999999988 0.017543999999999893
3 0.29299549999999996 0.618679 0.011883000000000032 0.025800000000000045
3 0.308005 0.638803 0.02063799999999999 0.014448000000000016
3 0.321138 0.6733750000000001 0.024390000000000023 0.017544000000000115
3 0.3461535 0.6862744999999999 0.015634999999999954 0.020638999999999963
3 0.36616649999999995 0.739938 0.019386999999999988 0.030959999999999988
3 0.36991850000000004 0.6542830000000001 0.016884999999999983 0.028896000000000033
3 0.3886805 0.6584110000000001 0.01313299999999995 0.01651199999999997
3 0.3955595 0.706398 0.019387000000000043 0.02373599999999998
3 0.4155725 0.649639 0.03564700000000004 0.04644000000000004
3 0.42995649999999996 0.7094940000000001 0.019386999999999988 0.029928000000000066
3 0.43402150000000006 0.767286 0.02376499999999998 0.02373599999999998
3 0.4493435 0.659443 0.016884999999999928 0.018576000000000037
3 0.461538 0.742002 0.022513999999999923 0.026832000000000078
3 0.45903700000000003 0.6873064999999999 0.015010000000000023 0.018575000000000008
3 0.469356 0.8003095 0.03314600000000001 0.029926999999999926
3 0.4724825 0.615067 0.019387000000000043 0.022703999999999946
3 0.4787365 0.652219 0.019386999999999988 0.0247679999999999
3 0.47936199999999995 0.6795665000000001 0.018136000000000096 0.021670999999999996
3 0.480613 0.713622 0.01813600000000004 0.021672000000000025
3 0.48467800000000005 0.7347779999999999 0.020011999999999974 0.02063999999999988
3 0.49749850000000007 0.6584110000000001 0.023139000000000076 0.024768000000000012
3 0.521263 0.6904025 0.024389999999999912 0.024767000000000094
3 0.5425265 0.752838 0.02313900000000002 0.02786399999999989
3 0.5612885000000001 0.703818 0.025640999999999914 0.022703999999999946
3 0.5813005 0.714654 0.019386999999999932 0.02373599999999998
3 0.5922450000000001 0.72807 0.022514000000000034 0.034055999999999975
3 0.610069 0.6805985000000001 0.020638000000000045 0.02373499999999995
3 0.6378985 0.6836945000000001 0.011257000000000073 0.029926999999999926
3 0.6538459999999999 0.755934 0.03314600000000001 0.029927999999999955
3 0.6944965000000001 0.7291019999999999 0.025640999999999914 0.027864
3 0.7432775 0.750774 0.025640999999999914 0.027864
3 0.8158225 0.7899894999999999 0.029393000000000002 0.04643900000000001
3 0.85147 0.7992774999999999 0.026892000000000027 0.03199099999999999
