3 0.011875 0.4703919999999999 0.010000000000000002 0.01501199999999997
3 0.0196875 0.4608005 0.013125 0.017514999999999947
3 0.0246875 0.4799835 0.010624999999999999 0.014178999999999997
3 0.0265625 0.4599665 0.006874999999999999 0.015846999999999944
3 0.0384375 0.521685 0.016875 0.014177999999999913
3 0.038125000000000006 0.46288599999999996 0.006249999999999999 0.010008000000000017
3 0.078125 0.496247 0.0062500000000000056 0.015012000000000025
3 0.0815625 0.45079249999999993 0.010624999999999996 0.014178999999999997
3 0.0846875 0.474562 0.00437499999999999 0.010008000000000017
3 0.091875 0.444537 0.007500000000000007 0.01167600000000002
3 0.093125 0.47206000000000004 0.010000000000000009 0.01501199999999997
3 0.1034375 0.44787299999999997 0.005624999999999991 0.00834000000000007
3 0.11781249999999999 0.5487905 0.025624999999999995 0.016681000000000057
3 0.133125 0.4908255 0.012500000000000011 0.03252700000000003
3 0.1403125 0.4474564999999999 0.019375000000000003 0.019183000000000006
3 0.1375 0.46497049999999995 0.008750000000000008 0.019183000000000006
3 0.1484375 0.47039200000000003 0.013124999999999998 0.018347999999999975
3 0.15031250000000002 0.4883235 0.016875 0.030859000000000025
3 0.1525 0.44787299999999997 0.010000000000000009 0.010008000000000072
3 0.153125 0.498749 0.01125000000000001 0.016679999999999973
3 0.16218749999999998 0.448707 0.011874999999999997 0.008340000000000014
3 0.1634375 0.4874895 0.011874999999999997 0.025855000000000017
3 0.1690625 0.5083405 0.023125000000000007 0.029190999999999967
3 0.1628125 0.46580449999999995 0.005624999999999991 0.02418699999999996
3 0.173125 0.4808175 0.007500000000000007 0.029190999999999967
3 0.175 0.46872349999999996 0.01125000000000001 0.03002499999999997
3 0.1846875 0.5179320000000001 0.02812500000000001 0.055045999999999984
3 0.1821875 0.5533775 0.015625 0.022518999999999956
3 0.18406250000000002 0.447873 0.006874999999999992 0.006672000000000011
3 0.2028125 0.535446 0.03812499999999999 0.046705999999999914
3 0.193125 0.6059215 0.013750000000000012 0.01918299999999995
3 0.1925 0.4495415 0.007500000000000007 0.013345000000000051
3 0.195 0.472477 0.012500000000000011 0.022517999999999927
3 0.19687500000000002 0.4666385 0.008750000000000008 0.029190999999999967
3 0.21000000000000002 0.5175145 0.027499999999999997 0.020850999999999953
3 0.210625 0.46371949999999995 0.015000000000000013 0.040032999999999985
3 0.2203125 0.5533775 0.029374999999999984 0.03085899999999997
3 0.2390625 0.535446 0.028124999999999983 0.04337000000000013
3 0.234375 0.46914100000000003 0.011249999999999982 0.02084999999999998
3 0.24875 0.49332750000000003 0.027500000000000024 0.024187000000000014
3 0.24875 0.5129275 0.027500000000000024 0.03336099999999992
3 0.25187499999999996 0.4570475 0.023749999999999993 0.038365000000000093
3 0.2815625 0.5550455 0.041874999999999996 0.027522999999999964
3 0.2778125 0.477898 0.018125000000000002 0.04503800000000002
3 0.298125 0.5904925 0.03375 0.033360999999999974
3 0.306875 0.5508759999999999 0.040000000000000036 0.045872000000000024
3 0.2953125 0.46455350000000006 0.014374999999999971 0.036697000000000035
3 0.31062500000000004 0.5129275 0.03999999999999998 0.040032999999999985
3 0.3159375 0.4862385 0.026874999999999982 0.03169299999999997
3 0.3125 0.44829050000000004 0.010000000000000009 0.03753100000000004
3 0.3209375 0.45954950000000006 0.016874999999999973 0.04670500000000005
3 0.3403125 0.469141 0.03187499999999999 0.040868000000000015
3 0.3503125 0.5329440000000001 0.025624999999999953 0.06839000000000006
3 0.3640625 0.643036 0.020625000000000004 0.016680000000000028
3 0.37 0.4837365 0.02749999999999997 0.03669699999999998
3 0.37187499999999996 0.5404505 0.023749999999999993 0.03002500000000008
3 0.384375 0.5183485 0.03999999999999998 0.029190999999999967
3 0.38468749999999996 0.6405335 0.013124999999999998 0.015012999999999943
3 0.406875 0.4762305 0.036250000000000004 0.04003300000000004
3 0.3984375 0.6363635 0.011874999999999969 0.015012999999999943
3 0.4015625 0.6534614999999999 0.015625 0.01751500000000006
3 0.406875 0.6413679999999999 0.010000000000000009 0.013343999999999911
3 0.4165625 0.537948 0.021874999999999978 0.06171799999999994
3 0.42281250000000004 0.6417845 0.01687500000000003 0.022518999999999956
3 0.445625 0.54045 0.04625000000000001 0.05671399999999993
3 0.4390625 0.5075065 0.015625 0.019183000000000006
3 0.4440625 0.6426185 0.02062499999999995 0.02418699999999996
3 0.47968750000000004 0.589658 0.060624999999999984 0.035029999999999895
3 0.4640625 0.5137615 0.021874999999999978 0.016681000000000057
3 0.46281249999999996 0.6363635000000001 0.014374999999999971 0.021685000000000065
3 0.47468750000000004 0.5325275 0.01687500000000003 0.02418699999999996
3 0.51125 0.5371145 0.048750000000000016 0.033360999999999974
3 0.506875 0.5721430000000001 0.03249999999999997 0.058382000000000045
3 0.533125 0.6009175 0.05125000000000002 0.02585499999999996
3 0.5359375 0.6217685 0.02562500000000001 0.029191000000000078
3 0.5531250000000001 0.6025855 0.03749999999999998 0.022518999999999956
3 0.561875 0.565054 0.04125000000000001 0.06922400000000006
3 0.568125 0.5112595 0.04125000000000001 0.045036999999999994
3 0.568125 0.53211 0.036250000000000004 0.041701999999999906
3 0.5743750000000001 0.5625525 0.04625000000000001 0.02585499999999996
3 0.5956250000000001 0.520017 0.03749999999999998 0.06588799999999995
3 0.6074999999999999 0.588824 0.04500000000000004 0.06171800000000005
3 0.6078125 0.5442035000000001 0.018124999999999947 0.020851000000000064
3 0.6184375 0.563803 0.02312499999999995 0.04337000000000002
3 0.6365625 0.6105085 0.015625 0.021684999999999954
3 0.6409374999999999 0.5658885 0.016875000000000084 0.029190999999999967
3 0.6603125000000001 0.6221855000000001 0.05437499999999995 0.081735
3 0.6803125 0.5725605 0.05687500000000001 0.029191000000000078
3 0.68375 0.595913 0.04249999999999998 0.047539999999999916
3 0.68875 0.6672225 0.022499999999999964 0.04336899999999988
3 0.7196875 0.6167635 0.06062500000000004 0.027522999999999964
3 0.7221875 0.5783985 0.04812499999999997 0.027523000000000075
3 0.7275 0.5934115 0.04749999999999999 0.025855000000000072
3 0.7615625 0.6125935 0.028124999999999956 0.029191000000000078
3 0.7887500000000001 0.615513 0.01749999999999996 0.06338600000000005
3 0.8031250000000001 0.6034195 0.04625000000000001 0.06755699999999998
3 0.891875 0.6121765 0.043749999999999956 0.03669699999999998
3 0.9521875 0.6009175 0.024375000000000036 0.06255299999999997
