3 0.0107375 0.618125 0.021475 0.01749999999999996
3 0.013538499999999998 0.5934375 0.027076999999999997 0.02562500000000001
3 0.014005499999999999 0.2159375 0.020541 0.020625000000000004
3 0.038282 0.6812499999999999 0.013072000000000007 0.01375000000000004
3 0.067694 0.6675 0.019608 0.013749999999999929
3 0.0779645 0.6746875000000001 0.030813000000000007 0.020625000000000004
3 0.09570499999999998 0.536875 0.03641399999999999 0.018750000000000044
3 0.0975725 0.5696875 0.023343000000000003 0.015625
3 0.111111 0.63 0.014939999999999981 0.013749999999999929
3 0.1157795 0.653125 0.020541000000000004 0.015000000000000013
3 0.12184849999999998 0.5878125000000001 0.015872999999999998 0.010624999999999996
3 0.1615315 0.6021875000000001 0.028011000000000008 0.021874999999999978
3 0.19981349999999998 0.605 0.022408999999999984 0.013749999999999929
3 0.2100845 0.589375 0.022408999999999984 0.020000000000000018
3 0.24789899999999998 0.14656249999999998 0.03828200000000001 0.043125
3 0.25443499999999997 0.6296875 0.030812000000000006 0.021874999999999978
3 0.274977 0.600625 0.030812000000000006 0.018749999999999933
3 0.273109 0.45687500000000003 0.025209999999999955 0.023749999999999993
3 0.3006535 0.661875 0.020540999999999976 0.022499999999999964
3 0.3076565 0.48 0.017741000000000007 0.01874999999999999
3 0.3235295 0.5025 0.03641500000000003 0.02749999999999997
3 0.322596 0.2846875 0.030812000000000006 0.02562500000000001
3 0.37488350000000004 0.43281250000000004 0.040148999999999935 0.03437499999999999
3 0.372082 0.5996874999999999 0.02521000000000001 0.013124999999999942
3 0.38375349999999997 0.47750000000000004 0.013071 0.012500000000000011
3 0.3907565 0.255 0.023343000000000003 0.027499999999999997
3 0.4066295 0.433125 0.023343000000000058 0.013749999999999984
3 0.419701 0.364375 0.03267999999999999 0.02749999999999997
3 0.44164349999999997 0.42593749999999997 0.0560230000000001 0.04062499999999997
3 0.430439 0.6853125 0.014940000000000009 0.0068749999999999645
3 0.475724 0.36 0.03828199999999993 0.03249999999999997
3 0.47805749999999997 0.6434375 0.022409000000000012 0.01187500000000008
3 0.4855275 0.6909375 0.028010999999999953 0.015625
3 0.48692799999999997 0.603125 0.025210000000000066 0.020000000000000018
3 0.5112045000000001 0.494375 0.023343000000000003 0.018750000000000044
3 0.512605 0.5075000000000001 0.014939999999999953 0.01375000000000004
3 0.5140055 0.37875000000000003 0.017741000000000007 0.017500000000000016
3 0.5191410000000001 0.6228125 0.028012000000000037 0.01187500000000008
3 0.5214755 0.6056250000000001 0.023343000000000003 0.015000000000000013
3 0.5214749999999999 0.6884375 0.017739999999999978 0.010624999999999996
3 0.561158 0.31656249999999997 0.08403400000000005 0.07187499999999997
3 0.5639589999999999 0.2190625 0.07469599999999998 0.05437500000000001
3 0.5620915 0.3778125 0.03361299999999989 0.02562500000000001
3 0.5597570000000001 0.530625 0.017739999999999978 0.018750000000000044
3 0.5658265 0.4428125 0.02054099999999992 0.015625
3 0.564893 0.6484375 0.013071999999999973 0.008124999999999938
3 0.5686275000000001 0.5775 0.014938999999999925 0.01750000000000007
3 0.5812325 0.52 0.03081299999999998 0.018750000000000044
3 0.5915029999999999 0.5440625 0.01960799999999996 0.015625
3 0.595238 0.6209374999999999 0.023341999999999974 0.011874999999999969
3 0.6069095 0.62375 0.014939000000000036 0.01375000000000004
3 0.620915 0.5065625 0.028011999999999926 0.02562500000000001
3 0.6662 0.358125 0.03828199999999993 0.03624999999999995
3 0.6577965 0.579375 0.015873000000000026 0.01375000000000004
3 0.6932769999999999 0.5231250000000001 0.03081199999999995 0.028749999999999942
3 0.7128855000000001 0.4428125 0.023343000000000003 0.021874999999999978
3 0.7175535 0.48624999999999996 0.023343000000000003 0.01874999999999999
3 0.744631 0.5237499999999999 0.03081199999999995 0.01375000000000004
3 0.744631 0.5484374999999999 0.01960800000000007 0.020625000000000004
3 0.752101 0.38312500000000005 0.025209999999999955 0.01874999999999999
3 0.763772 0.4428125 0.03361400000000003 0.02937500000000004
3 0.769841 0.6596875 0.025209999999999955 0.015625
3 0.7843135000000001 0.361875 0.022409000000000012 0.01375000000000004
3 0.786648 0.41625 0.012137999999999982 0.010000000000000009
3 0.7903825 0.49406249999999996 0.01027100000000003 0.008124999999999993
3 0.8067225 0.493125 0.028011000000000008 0.01749999999999996
3 0.8263305 0.5309375000000001 0.05042100000000005 0.03437499999999993
3 0.812325 0.5996874999999999 0.007470000000000088 0.010624999999999996
3 0.823996 0.458125 0.030812000000000173 0.012499999999999956
3 0.8183940000000001 0.4809375 0.010270000000000001 0.00687500000000002
3 0.8557425 0.1015625 0.07376300000000002 0.06312499999999999
3 0.8361345 0.495625 0.03081299999999998 0.015000000000000069
3 0.8478055 0.4290625 0.022409000000000012 0.008124999999999993
3 0.8543415000000001 0.565 0.014939000000000147 0.01375000000000004
3 0.857143 0.5153125000000001 0.02054199999999995 0.010624999999999996
3 0.872082 0.4284375 0.026144000000000056 0.030624999999999958
3 0.8795519999999999 0.6159375 0.02054199999999995 0.0068749999999999645
3 0.8832865 0.5128125 0.028011000000000008 0.01937499999999992
3 0.884687 0.5331250000000001 0.025209999999999955 0.008749999999999925
3 0.887488 0.5665625 0.01960799999999996 0.0068749999999999645
3 0.9019604999999999 0.4340625 0.028011000000000008 0.02562500000000001
3 0.9243695000000001 0.6546875 0.04295099999999996 0.015625
3 0.9206349999999999 0.42374999999999996 0.026144000000000056 0.01874999999999999
3 0.9337065 0.37625 0.04108299999999998 0.028749999999999998
3 0.936975 0.344375 0.03828199999999993 0.027500000000000024
3 0.9421105000000001 0.3059375 0.04855300000000007 0.03562499999999996
3 0.9346405 0.44875 0.028010999999999897 0.020000000000000018
3 0.936508 0.185 0.028011999999999926 0.027499999999999997
3 0.9855275 0.6409375 0.027077000000000018 0.02562500000000001
3 0.9943975 0.3246875 0.009336999999999929 0.03937499999999999
3 0.9943975 0.588125 0.009336999999999929 0.0050000000000000044
3 0.996732 0.2821875 0.0046680000000000055 0.005624999999999991
