3 0.315918 0.1536455 0.02050799999999997 0.015625
3 0.3305665 0.4941405 0.04980499999999999 0.07161499999999998
3 0.359375 0.5611980000000001 0.06640600000000008 0.04166600000000009
3 0.37207 0.511068 0.07617200000000002 0.09244800000000003
3 0.41699200000000003 0.035156 0.06836000000000003 0.070312
3 0.421875 0.625651 0.02734399999999998 0.029947999999999975
3 0.451172 0.472005 0.039061999999999986 0.08723999999999998
3 0.47363299999999997 0.5266925 0.0625 0.10546900000000003
3 0.5131835 0.6497395 0.10253899999999994 0.10677099999999995
3 0.5434574999999999 0.513672 0.04003900000000005 0.03515600000000002
3 0.5966799999999999 0.773437 0.11132799999999998 0.09375
3 0.568848 0.17513 0.03808599999999995 0.024740000000000012
3 0.572754 0.54362 0.030273999999999912 0.027344000000000035
3 0.5786134999999999 0.518229 0.022460999999999953 0.02343799999999996
3 0.6035155000000001 0.5058594999999999 0.03320299999999998 0.045572999999999975
3 0.6186524999999999 0.1679685 0.05761700000000003 0.049478999999999995
3 0.636719 0.6113280000000001 0.07617200000000002 0.12109399999999992
3 0.6284179999999999 0.5227865 0.022460000000000035 0.037760999999999934
3 0.674316 0.7428385 0.10449200000000003 0.07942700000000003
3 0.6816405000000001 0.2578125 0.11328100000000008 0.03906299999999999
3 0.6391605 0.486979 0.02636699999999992 0.02343799999999996
3 0.6469725 0.5214844999999999 0.022460999999999953 0.045572999999999975
3 0.6865235000000001 0.5501305 0.03906299999999996 0.050780999999999965
3 0.678711 0.126302 0.02148400000000006 0.03125
3 0.6992185 0.621745 0.05664100000000005 0.058594000000000035
3 0.7045895 0.8847655 0.06738300000000008 0.050780999999999965
3 0.702637 0.9049480000000001 0.03417999999999999 0.06770799999999999
3 0.7470705 0.49739550000000005 0.03710900000000006 0.04427100000000006
3 0.786621 0.642578 0.04394599999999993 0.07161400000000007
3 0.791504 0.6210935 0.030273999999999912 0.05208299999999999
3 0.8085935 0.2421875 0.050781000000000076 0.02604099999999998
3 0.8305665 0.6783855 0.04589899999999991 0.06510499999999997
3 0.822754 0.266927 0.014648000000000105 0.018230000000000024
3 0.8315429999999999 0.547526 0.03222599999999998 0.024739999999999873
3 0.85791 0.7291669999999999 0.06347600000000009 0.03385399999999994
3 0.8510745 0.7630205 0.0439449999999999 0.109375
3 0.8652340000000001 0.5221355000000001 0.027343999999999924 0.03645899999999991
3 0.8676755 0.406901 0.030273000000000105 0.037760000000000016
3 0.8759765 0.3059895 0.021484999999999976 0.015625
3 0.8774415 0.2324215 0.008789000000000158 0.011719000000000007
3 0.9106445000000001 0.0865885 0.06738299999999997 0.10286500000000001
3 0.9394530000000001 0.527344 0.03125 0.02604200000000001
3 0.9423825 0.719401 0.033203000000000094 0.06380200000000003
3 0.953125 0.9466145 0.05078199999999988 0.04427099999999995
3 0.9682615 0.76237 0.061522999999999994 0.058594000000000035
3 0.9775389999999999 0.4433595 0.04296800000000012 0.05598900000000001
3 0.981445 0.811198 0.035155999999999965 0.07552000000000003
3 0.9765625 0.5227865 0.019531000000000187 0.022135000000000127
