3 0.0196875 0.86172 0.039375 0.07082599999999994
3 0.035 0.606661 0.07 0.10370999999999997
3 0.0434375 0.324199 0.086875 0.181282
3 0.0884375 0.8575044999999999 0.078125 0.08600299999999994
3 0.08406250000000001 0.8208260000000001 0.028124999999999997 0.03625600000000018
3 0.5571875000000001 0.877319 0.884375 0.2436759999999999
3 0.295625 0.5134905000000001 0.14375 0.14165299999999992
3 0.3109375 0.3857505 0.15062499999999998 0.09696500000000002
3 0.349375 0.696037 0.10499999999999998 0.06323800000000002
3 0.500625 0.39966250000000003 0.15375 0.183811
3 0.5115625 0.6673695 0.11937500000000001 0.15935900000000003
3 0.5774999999999999 0.612142 0.08750000000000002 0.05902200000000002
3 0.6753125 0.5510120000000001 0.13437500000000002 0.08516000000000001
3 0.8496875 0.436762 0.18312499999999998 0.17875199999999997
3 0.8728125 0.665683 0.15812500000000007 0.12731800000000004
