3 0.37988299999999997 0.3206445 0.08788999999999997 0.125915
3 0.015625 0.3814055 0.03125 0.06295700000000004
3 0.022461000000000002 0.28330900000000003 0.044922000000000004 0.071742
3 0.455078 0.691801 0.910156 0.6134700000000002
3 0.07910149999999999 0.3806735 0.10546899999999998 0.08199099999999993
3 0.083008 0.5146409999999999 0.04101600000000001 0.024889999999999968
3 0.091797 0.1420205 0.054688000000000014 0.08199100000000001
3 0.10644500000000001 0.4868225 0.07226600000000001 0.07759900000000008
3 0.13623049999999998 0.550512 0.08496099999999998 0.06735000000000002
3 0.129883 0.214495 0.05273399999999999 0.06002999999999997
3 0.1499025 0.317716 0.07714900000000001 0.11127400000000004
3 0.17334 0.274524 0.04980399999999999 0.05124400000000004
3 0.23242200000000002 0.1544655 0.07226600000000002 0.121523
3 0.32519549999999997 0.132504 0.06445299999999998 0.06588600000000001
3 0.419922 0.15080500000000002 0.07226600000000005 0.06442200000000001
3 0.5268554999999999 0.21742299999999998 0.04003900000000005 0.08638399999999999
3 0.562012 0.1888725 0.038086000000000064 0.064421
3 0.6108395 0.37994150000000004 0.02636699999999992 0.060029000000000055
3 0.6484375 0.1530015 0.03906299999999985 0.06002900000000003
3 0.7172855 0.16983900000000002 0.03613300000000008 0.07613400000000001
3 0.7714840000000001 0.18448 0.04492200000000002 0.07027800000000001
3 0.8159179999999999 0.372621 0.05566400000000005 0.07174200000000003
3 0.8110355 0.548316 0.03613300000000008 0.06295799999999996
3 0.873535 0.4436315 0.04394599999999993 0.079063
3 0.959961 0.5292825 0.06835999999999998 0.08638299999999993
3 0.9389649999999999 0.419473 0.014647999999999994 0.036604000000000025
3 0.9682615000000001 0.4707175 0.03613299999999997 0.03953099999999998
