3 0.15898400000000001 0.487074 0.014843999999999996 0.005876000000000048
3 0.197656 0.45710950000000006 0.012500000000000011 0.01645100000000005
3 0.3046875 0.587544 0.010936999999999975 0.011749999999999927
3 0.34843749999999996 0.474148 0.01250100000000004 0.01762599999999992
3 0.4714845 0.49882499999999996 0.011718999999999924 0.012925999999999993
3 0.4851565 0.49001149999999993 0.010936999999999975 0.018801000000000012
3 0.505078 0.37132750000000003 0.00859399999999999 0.009401000000000048
3 0.599219 0.6063455 0.006249999999999978 0.023500999999999994
3 0.608203 0.3589895000000001 0.003906000000000076 0.017627000000000004
3 0.616016 0.5305519999999999 0.00859399999999999 0.015275999999999956
3 0.6515625 0.5047005 0.007812999999999959 0.01762700000000006
3 0.6976565 0.4541715 0.00781300000000007 0.01762700000000006
3 0.7035155 0.6034079999999999 0.008593000000000073 0.012926000000000104
3 0.7164065 0.5558164999999999 0.009375000000000022 0.011750999999999956
3 0.7367185 0.3525265 0.015625 0.011750999999999956
3 0.7742184999999999 0.40951800000000005 0.007812999999999959 0.012926000000000049
3 0.803125 0.5493535 0.014062000000000019 0.029377000000000097
3 0.8308595 0.57168 0.010156999999999972 0.015275999999999956
3 0.8320315 0.35135150000000004 0.007812999999999959 0.009400999999999937
3 0.883984 0.6051705000000001 0.016406000000000143 0.009401000000000104
3 0.894922 0.42185649999999997 0.010155999999999943 0.0117509999999999
3 0.9125000000000001 0.29671000000000003 0.014061999999999908 0.015276000000000012
3 0.94375 0.404818 0.00781199999999993 0.008225999999999956
