3 0.014375 0.749531 0.02875 0.06379000000000012
3 0.01625 0.41557200000000005 0.0325 0.06941800000000004
3 0.0271875 0.9287055 0.054375 0.09005699999999994
3 0.0196875 0.3466225 0.028125000000000004 0.032833
3 0.06625 0.630394 0.055 0.07692399999999999
3 0.0721875 0.630394 0.06187499999999999 0.07692399999999999
3 0.0571875 0.7678235 0.021875000000000006 0.057223000000000024
3 0.0709375 0.3522515 0.025625000000000002 0.032833
3 0.13093749999999998 0.6266415000000001 0.061874999999999986 0.09193299999999993
3 0.16 0.62758 0.06 0.09005599999999991
3 0.1615625 0.3044095 0.020625000000000004 0.032833
3 0.1875 0.6214819999999999 0.06624999999999998 0.12851800000000002
3 0.1884375 0.3311445 0.023125000000000007 0.03189500000000001
3 0.2071875 0.7321765 0.03687499999999999 0.025328999999999935
3 0.2253125 0.826454 0.02437499999999998 0.060037999999999925
3 0.2571875 0.6369605 0.08062499999999997 0.11257099999999998
3 0.24375000000000002 0.6327389999999999 0.04125000000000004 0.10975600000000008
3 0.2828125 0.6327395 0.09062500000000001 0.11726099999999995
3 0.2890625 0.5398685000000001 0.016874999999999973 0.027205000000000035
3 0.3059375 0.790338 0.03437499999999999 0.06097600000000003
3 0.3103125 0.5572235000000001 0.02562500000000001 0.030018999999999907
3 0.31875 0.5333019999999999 0.01874999999999999 0.02157599999999993
3 0.3409375 0.62758 0.030625000000000013 0.08255199999999996
3 0.3353125 0.6247655000000001 0.011875000000000024 0.07692299999999996
3 0.3646875 0.38133249999999996 0.02937500000000004 0.032833
3 0.38093750000000004 0.6313325000000001 0.043125000000000024 0.07504699999999997
3 0.401875 0.3982175 0.04249999999999998 0.036585000000000034
3 0.42000000000000004 0.630394 0.03999999999999998 0.07316999999999996
3 0.4340625 0.415103 0.019374999999999976 0.038461999999999996
3 0.4653125 0.6533774999999999 0.06937500000000002 0.16228900000000002
3 0.45718749999999997 0.28752350000000004 0.03187500000000004 0.034709000000000045
3 0.4525 0.5501875 0.012500000000000011 0.029081000000000023
3 0.47875 0.43855550000000004 0.040000000000000036 0.032833
3 0.48968750000000005 0.618668 0.05937500000000001 0.08536599999999994
3 0.5409375000000001 0.6266419999999999 0.06187500000000001 0.08442800000000006
3 0.55125 0.9282364999999999 0.043749999999999956 0.055347000000000146
3 0.5865625 0.6214824999999999 0.03687499999999999 0.098499
3 0.6146875 0.3419325 0.03437499999999993 0.03846100000000002
3 0.6359375 0.620544 0.06187500000000001 0.104128
3 0.681875 0.6266415 0.09499999999999997 0.10318899999999998
3 0.756875 0.6144465 0.09875 0.1369610000000001
3 0.8140624999999999 0.6261725 0.08187500000000003 0.12101300000000004
3 0.8756250000000001 0.660882 0.05625000000000002 0.040338000000000096
3 0.8934375 0.631332 0.09187499999999993 0.13883599999999996
