3 0.027222000000000003 0.5014815 0.054444000000000006 0.10518499999999992
3 0.20388900000000001 0.23851849999999997 0.18777800000000006 0.186667
3 0.276111 0.3985185 0.056665999999999966 0.09481500000000004
3 0.36944449999999995 0.1807405 0.147777 0.24296299999999998
3 0.4616665 0.44888900000000004 0.263333 0.22222200000000003
3 0.4277775 0.18296300000000001 0.026666999999999996 0.04592600000000002
3 0.5255555000000001 0.234815 0.04444499999999996 0.07555599999999998
3 0.6272225 0.22 0.08333299999999999 0.08740799999999999
3 0.7066665000000001 0.2548145 0.05111100000000002 0.07111099999999995
3 0.8455554999999999 0.1725925 0.10666699999999996 0.15259299999999998
3 0.9144444999999999 0.048148 0.16888899999999996 0.096296
3 0.88 0.1422225 0.07333400000000001 0.10074100000000001
3 0.895 0.3125925 0.03444399999999992 0.08296300000000001
