3 0.5453125000000001 0.25 0.10312500000000002 0.10600399999999999
3 0.5028125 0.9939025000000001 0.044375 0.010319000000000078
3 0.5565625 0.9371479999999999 0.03562500000000002 0.08255200000000007
3 0.6671875 0.7016884999999999 0.009375000000000022 0.011256999999999961
3 0.66625 0.5834895 0.0050000000000000044 0.015008999999999828
3 0.7371875 0.772983 0.013125000000000053 0.015009999999999968
3 0.7725 0.580675 0.012500000000000067 0.020637999999999823
3 0.855625 0.723265 0.008750000000000036 0.022514000000000034
3 0.88625 0.7518765 0.008750000000000036 0.012194999999999956
3 0.886875 0.795028 0.010000000000000009 0.02157600000000004
3 0.9003125000000001 0.7134149999999999 0.01937500000000003 0.01969999999999994
3 0.9121874999999999 0.7645405 0.024374999999999925 0.02814300000000003
3 0.9559375 0.7673544999999999 0.02562500000000001 0.01876100000000014
3 0.97125 0.880863 0.05625000000000002 0.08442800000000006
