3 0.005625 0.6434945000000001 0.01125 0.05484699999999998
3 0.006875 0.804847 0.01375 0.0459179999999999
3 0.0153125 0.8909440000000001 0.030625 0.0625
3 0.006875 0.6103315 0.011250000000000001 0.04464299999999999
3 0.0159375 0.716199 0.029375 0.07270399999999999
3 0.0178125 0.8348215 0.025625 0.06505099999999997
3 0.04125 0.9253830000000001 0.042499999999999996 0.06760200000000005
3 0.0403125 0.6626274999999999 0.031875 0.05484699999999998
3 0.048437499999999994 0.6332905 0.025625000000000002 0.04464299999999999
3 0.060625 0.690051 0.05000000000000001 0.07397999999999993
3 0.049687499999999996 0.760842 0.025625000000000002 0.0625
3 0.05625 0.676658 0.0175 0.05739799999999995
3 0.0653125 0.7238519999999999 0.033125 0.09821400000000013
3 0.0640625 0.6243620000000001 0.025625000000000002 0.05229600000000001
3 0.084375 0.890944 0.04375 0.06760200000000005
3 0.07718749999999999 0.595663 0.02187499999999999 0.0688780000000001
3 0.1015625 0.6651785 0.03187499999999999 0.04464299999999999
3 0.114375 0.8501275 0.042499999999999996 0.05484699999999987
3 0.110625 0.630102 0.029999999999999985 0.015306000000000042
3 0.1190625 0.6926019999999999 0.03812499999999999 0.07398000000000005
3 0.1184375 0.6128825 0.031875 0.05994900000000003
3 0.11906249999999999 0.8067605 0.033125 0.04974499999999993
3 0.1284375 0.7697704999999999 0.031875 0.06505100000000008
3 0.1453125 0.906888 0.031875000000000014 0.06377600000000005
3 0.16375 0.9381379999999999 0.05124999999999999 0.0625
3 0.15781250000000002 0.7404335 0.024375000000000008 0.06505100000000008
3 0.16843750000000002 0.561862 0.029375000000000012 0.0625
3 0.1690625 0.6677295000000001 0.030625000000000013 0.08545900000000006
3 0.1803125 0.68176 0.03812499999999999 0.06760199999999994
3 0.189375 0.5886475 0.03375 0.05484700000000009
3 0.1953125 0.6307395 0.02437499999999998 0.07015299999999991
3 0.2028125 0.6192599999999999 0.03187499999999999 0.05229600000000001
3 0.2190625 0.689413 0.02812500000000001 0.05739799999999995
3 0.2265625 0.551658 0.033125000000000016 0.0625
3 0.2346875 0.7353315 0.029375000000000012 0.08035700000000001
3 0.2375 0.6371169999999999 0.03249999999999997 0.04719400000000007
3 0.243125 0.8335459999999999 0.03875000000000001 0.06249999999999989
3 0.24906250000000002 0.7774235 0.04187500000000002 0.07525499999999996
3 0.2421875 0.5860970000000001 0.02562500000000001 0.04464199999999996
3 0.2565625 0.5286985 0.02437499999999998 0.059948999999999975
3 0.28093749999999995 0.6989795000000001 0.03937499999999999 0.061224999999999974
3 0.2734375 0.9521685 0.021874999999999978 0.05484699999999998
3 0.2965625 0.710459 0.02937500000000004 0.07908199999999999
3 0.3021875 0.614158 0.030625000000000013 0.0625
3 0.30656249999999996 0.5363525 0.029374999999999984 0.05484700000000009
3 0.32125000000000004 0.7174745 0.04375000000000001 0.03954099999999994
3 0.3175 0.5656885 0.03125 0.04974500000000004
3 0.325625 0.760842 0.04749999999999999 0.0625
3 0.32718749999999996 0.496811 0.021875000000000033 0.052296000000000065
3 0.3296875 0.666454 0.026875000000000038 0.0625
3 0.3390625 0.5478315 0.02562500000000001 0.05994900000000003
3 0.3425 0.7748725 0.02999999999999997 0.06505099999999997
3 0.35343749999999996 0.462372 0.023125000000000007 0.057398000000000005
3 0.35531250000000003 0.5580355 0.026875000000000038 0.05484700000000009
3 0.35531250000000003 0.542092 0.019374999999999976 0.04336800000000007
3 0.364375 0.691964 0.03749999999999998 0.05739800000000006
3 0.3728125 0.645408 0.033125000000000016 0.04081599999999996
3 0.3821875 0.5108415 0.02437499999999998 0.03954099999999999
3 0.3915625 0.5184945000000001 0.02562500000000001 0.04974500000000004
3 0.3984375 0.5631375000000001 0.028124999999999956 0.0446430000000001
3 0.4121875 0.890944 0.015625 0.07270399999999988
3 0.41593749999999996 0.4789545 0.023125000000000007 0.05484699999999998
3 0.41812499999999997 0.5299745 0.027500000000000024 0.05739699999999992
3 0.42 0.614158 0.03125 0.0625
3 0.42 0.7487245 0.03125 0.06632700000000002
3 0.4303125 0.5286985 0.030625000000000013 0.06505099999999997
3 0.44125000000000003 0.6855865 0.03250000000000003 0.06505099999999997
3 0.4503125 0.547194 0.03187499999999999 0.0765300000000001
3 0.4584375 0.595663 0.03562500000000002 0.04081599999999996
3 0.4671875 0.6358415 0.02812500000000001 0.0446430000000001
3 0.47468750000000004 0.454719 0.029374999999999984 0.04209199999999996
3 0.4759375 0.5369895 0.021874999999999978 0.033163000000000054
3 0.4778125 0.7448980000000001 0.023125000000000007 0.07398000000000005
3 0.4790625 0.49362249999999996 0.02562500000000001 0.03571500000000011
3 0.4821875 0.5031885 0.03187499999999999 0.034439
3 0.48031250000000003 0.5733415 0.023125000000000007 0.0446430000000001
3 0.5121875 0.485332 0.030624999999999958 0.057398000000000005
3 0.5134375 0.593112 0.028124999999999956 0.06377600000000005
3 0.5115624999999999 0.415179 0.021874999999999978 0.05229600000000001
3 0.5321875 0.547194 0.03687499999999999 0.03316400000000008
3 0.5359375 0.482781 0.03187499999999999 0.05739800000000006
3 0.5390625 0.514668 0.030624999999999902 0.047194000000000014
3 0.5540625 0.734056 0.034375000000000044 0.05739800000000006
3 0.5634375 0.6881375000000001 0.030625000000000013 0.05994899999999992
3 0.57 0.45599449999999997 0.03125 0.049744999999999984
3 0.5659375 0.564413 0.018124999999999947 0.05739799999999995
3 0.578125 0.8182395 0.03499999999999992 0.07015299999999991
3 0.5725 0.433036 0.022499999999999964 0.047194000000000014
3 0.5828125 0.4866075000000001 0.03312499999999996 0.049744999999999984
3 0.5878125000000001 0.5325255 0.02312499999999995 0.04719300000000004
3 0.5878125000000001 0.566964 0.02312499999999995 0.05229600000000001
3 0.5915625 0.40625 0.015625 0.04464199999999996
3 0.6071875 0.517219 0.028124999999999956 0.03699000000000002
3 0.6103125 0.6179844999999999 0.021874999999999978 0.07015300000000002
3 0.6128125 0.4508924999999999 0.024375000000000036 0.049744999999999984
3 0.6184375 0.416454 0.018124999999999947 0.03443799999999997
3 0.6309374999999999 0.5274235 0.02937500000000004 0.05229499999999998
3 0.6378125 0.382653 0.02562500000000001 0.03826600000000008
3 0.6421874999999999 0.5784435 0.03187499999999999 0.04974499999999993
3 0.6378124999999999 0.45726999999999995 0.020625000000000004 0.04209199999999996
3 0.6346875000000001 0.499362 0.011874999999999969 0.047194000000000125
3 0.6403125000000001 0.5433669999999999 0.02312499999999995 0.03571399999999991
3 0.6365624999999999 0.413903 0.013124999999999942 0.04464199999999996
3 0.6446875 0.734056 0.024375000000000036 0.0625
3 0.651875 0.40880099999999997 0.015000000000000013 0.049743999999999955
3 0.6553125 0.48852049999999997 0.021874999999999978 0.04081699999999999
3 0.6634375 0.771046 0.02562500000000001 0.0625
3 0.6696875 0.591199 0.028124999999999956 0.05484599999999995
3 0.6653125 0.40242350000000005 0.016874999999999973 0.036988999999999994
3 0.6721874999999999 0.524872 0.028125000000000067 0.052295999999999954
3 0.6671875 0.422832 0.015625 0.03188799999999997
3 0.6671875 0.4151785 0.013124999999999942 0.04209099999999999
3 0.6784375 0.8896685 0.026874999999999982 0.06505100000000008
3 0.674375 0.4649235 0.016249999999999987 0.04719299999999993
3 0.6846875 0.41900550000000003 0.024375000000000036 0.05484699999999998
3 0.6909375 0.564413 0.021874999999999978 0.05739799999999995
3 0.7065625 0.5886475 0.01937500000000003 0.05484700000000009
3 0.7078125 0.4929845 0.021874999999999978 0.04974500000000004
3 0.7096875 0.4649235 0.02562500000000001 0.04719299999999993
3 0.7121875 0.8297194999999999 0.020625000000000004 0.05484699999999998
3 0.7140625 0.3883925 0.024374999999999925 0.05484699999999998
3 0.721875 0.398597 0.016249999999999987 0.03443799999999997
3 0.7309375 0.5325255 0.02937499999999993 0.05739699999999992
3 0.7268749999999999 0.6926019999999999 0.018749999999999933 0.07398000000000005
3 0.7303124999999999 0.40880099999999997 0.02312499999999995 0.054846000000000006
3 0.7321875 0.398597 0.01937499999999992 0.03443799999999997
3 0.7421875 0.5325255 0.02937499999999993 0.05739699999999992
3 0.7403124999999999 0.6052295 0.02312499999999995 0.04464299999999999
3 0.7465625 0.6281885 0.023125000000000062 0.04974500000000004
3 0.7518750000000001 0.6951529999999999 0.022500000000000075 0.06377599999999994
3 0.7628125 0.382653 0.024375000000000036 0.03826600000000008
3 0.7709375 0.890944 0.015625 0.06760200000000005
3 0.7734375 0.522321 0.020624999999999893 0.047194000000000014
3 0.77625 0.360332 0.022499999999999964 0.047194000000000014
3 0.7793749999999999 0.40242350000000005 0.018749999999999933 0.036988999999999994
3 0.7859375 0.546556 0.02937500000000004 0.04719399999999996
3 0.7846875 0.4100765 0.014375000000000027 0.03698899999999994
3 0.7987500000000001 0.6434945000000001 0.03500000000000003 0.04974500000000004
3 0.7984374999999999 0.367985 0.01937500000000003 0.03188800000000003
3 0.801875 0.353954 0.022499999999999964 0.03443799999999997
3 0.801875 0.37755099999999997 0.014999999999999902 0.03316400000000003
3 0.8084374999999999 0.4674745 0.02312499999999995 0.042090999999999934
3 0.8134375 0.734056 0.02312499999999995 0.05229600000000001
3 0.8196875 0.332908 0.02562500000000001 0.04336800000000002
3 0.8246875 0.5822700000000001 0.02562500000000001 0.07270399999999999
3 0.8253125 0.4725765 0.024375000000000036 0.04209099999999999
3 0.828125 0.499362 0.023749999999999938 0.0625
3 0.8378125 0.422832 0.02562500000000001 0.03699000000000002
3 0.8409375 0.36543400000000004 0.024375000000000036 0.057398000000000005
3 0.8459375 0.385204 0.01937499999999992 0.03826600000000002
3 0.8496874999999999 0.430485 0.021874999999999978 0.05229600000000001
3 0.8496874999999999 0.538265 0.021874999999999978 0.04081599999999996
3 0.8584375 0.35012750000000004 0.02562500000000001 0.047192999999999985
3 0.8603125 0.49234700000000003 0.01937500000000003 0.03826600000000002
3 0.8775 0.7251275 0.036250000000000004 0.04974499999999993
3 0.8709374999999999 0.432398 0.020625000000000004 0.03316400000000008
3 0.8753124999999999 0.40369900000000003 0.021874999999999978 0.039539999999999964
3 0.8734375 0.5248725000000001 0.015625 0.04719299999999993
3 0.88 0.4821425 0.01750000000000007 0.033163000000000054
3 0.881875 0.33418349999999997 0.018749999999999933 0.04591899999999999
3 0.8959375 0.5733415 0.02937500000000004 0.05484699999999998
3 0.8928125 0.23278100000000002 0.020625000000000004 0.05739800000000006
3 0.9009375 0.601403 0.021874999999999978 0.04719399999999996
3 0.9078124999999999 0.41262750000000004 0.021874999999999978 0.047192999999999985
3 0.9134375 0.3360965 0.015625 0.049744999999999984
3 0.9190625 0.3718115 0.026874999999999982 0.04974500000000004
3 0.9203125 0.46619849999999996 0.016874999999999973 0.059948999999999975
3 0.9246875 0.4362245 0.015625 0.030613
3 0.9290625 0.23278100000000002 0.024375000000000036 0.047193999999999986
3 0.9403125 0.2723215 0.018124999999999947 0.04464299999999999
3 0.9465625 0.7429844999999999 0.018124999999999947 0.05484699999999998
3 0.9484375 0.3769135 0.021874999999999978 0.04974500000000004
3 0.9484375 0.5159435 0.021874999999999978 0.07525500000000007
3 0.9484375 0.47130099999999997 0.01937500000000003 0.029335999999999973
3 0.9471875000000001 0.4100765 0.011874999999999969 0.05229499999999998
3 0.9571875 0.30038300000000007 0.02562500000000001 0.057398000000000005
3 0.9575 0.34630099999999997 0.02124999999999999 0.03443799999999991
3 0.9634375 0.44387750000000004 0.020625000000000004 0.025511000000000006
3 0.9753125 0.53125 0.03687499999999999 0.05484599999999995
3 0.9690624999999999 0.323342 0.01937500000000003 0.04209200000000002
3 0.9678125 0.4151785 0.014375000000000027 0.031887
3 0.97875 0.39349449999999997 0.012499999999999956 0.049744999999999984
3 0.9890625 0.29400550000000003 0.020625000000000004 0.05994900000000003
3 0.9903124999999999 0.484694 0.013124999999999942 0.066326
3 0.9934375 0.5274235 0.011874999999999969 0.04209099999999999
3 0.9940625000000001 0.375 0.010624999999999996 0.01785800000000004
3 0.9940625000000001 0.40880099999999997 0.010624999999999996 0.029335999999999973
