3 0.0396875 0.7016805 0.060625000000000005 0.144725
3 0.0734375 0.817927 0.146875 0.14565800000000007
3 0.263125 0.3650795 0.52625 0.6069089999999999
3 0.16375 0.7507005 0.11 0.14192300000000013
3 0.21875 0.9112975000000001 0.14375000000000002 0.17553699999999994
3 0.291875 0.7385619999999999 0.14375000000000002 0.08216600000000007
3 0.2634375 0.9439774999999999 0.071875 0.11017700000000008
3 0.2659375 0.032213 0.030625000000000013 0.03268
3 0.3296875 0.812792 0.12187500000000001 0.09430400000000005
3 0.29156249999999995 0.013538499999999998 0.018125000000000002 0.027076999999999997
3 0.3621875 0.844538 0.10562499999999997 0.13351999999999997
3 0.3540625 0.9285715000000001 0.06812499999999999 0.14098899999999992
3 0.3540625 0.060691 0.02937500000000004 0.056022
3 0.3665625 0.021475 0.029374999999999984 0.026144
3 0.4265625 0.047152 0.02562500000000001 0.025210000000000003
3 0.4396875 0.035013999999999997 0.01937500000000003 0.038282
3 0.4546875 0.06769349999999999 0.030624999999999958 0.027077000000000004
3 0.4915625 0.9197010000000001 0.06687500000000002 0.15872999999999993
3 0.4865625 0.0396825 0.018125000000000002 0.032679
3 0.4934375 0.2049485 0.026874999999999982 0.049487
3 0.49750000000000005 0.023342500000000002 0.011250000000000038 0.022409000000000002
3 0.52125 0.36601300000000003 0.04125000000000001 0.08776800000000001
3 0.52625 0.2474325 0.04125000000000001 0.029879000000000017
3 0.5465625000000001 0.9028944999999999 0.07687499999999992 0.19234300000000004
3 0.5196875000000001 0.28944899999999996 0.020625000000000004 0.04294999999999999
3 0.548125 0.396825 0.04625000000000001 0.07656399999999997
3 0.5371875 0.025209999999999996 0.016874999999999973 0.026143999999999997
3 0.635625 0.25396850000000004 0.20875 0.33426700000000004
3 0.551875 0.09710550000000001 0.014999999999999902 0.04481700000000001
3 0.6234375 0.026143999999999997 0.013125000000000053 0.020541999999999998
3 0.6575 0.0121385 0.02124999999999999 0.014939000000000001
3 0.658125 0.048086000000000004 0.010000000000000009 0.027077999999999998
3 0.7209375 0.9313725 0.10562500000000008 0.13538699999999992
3 0.680625 0.0471525 0.01375000000000004 0.021475
3 0.685 0.076097 0.01749999999999996 0.036414
3 0.7015625 0.076097 0.018124999999999947 0.021475999999999995
3 0.7134375 0.0462185 0.028125000000000067 0.045751
3 0.7275 0.0196075 0.012500000000000067 0.014938999999999997
3 0.8628125 0.2861815 0.27312500000000006 0.346405
3 0.7703125 0.05695599999999999 0.041874999999999996 0.04481799999999999
3 0.781875 0.0882355 0.011249999999999982 0.023343000000000017
3 0.8203125 0.073296 0.014375000000000027 0.023342
3 0.84 0.0550885 0.012499999999999956 0.028011
3 0.8831249999999999 0.5210085 0.04749999999999999 0.09150300000000006
3 0.9215625000000001 0.455182 0.08062500000000006 0.10177400000000003
3 0.9009375 0.07516300000000001 0.016875000000000084 0.038282
