3 0.003125 0.47 0.00625 0.016666000000000014
3 0.0184375 0.2970835 0.016875 0.025832999999999995
3 0.028125 0.47125 0.010000000000000002 0.029166000000000025
3 0.0390625 0.532917 0.014374999999999999 0.022499999999999964
3 0.0440625 0.299583 0.014374999999999999 0.02749999999999997
3 0.0853125 0.299583 0.014374999999999999 0.02749999999999997
3 0.1003125 0.5354165 0.015625 0.02083299999999999
3 0.109375 0.30041700000000005 0.010000000000000009 0.02250000000000002
3 0.125625 0.30125 0.01125000000000001 0.02083400000000002
3 0.1565625 0.5354165 0.011874999999999997 0.030833
3 0.1571875 0.4754165 0.013124999999999998 0.02083299999999999
3 0.1771875 0.304583 0.011874999999999997 0.02749999999999997
3 0.188125 0.47125 0.009999999999999981 0.022499999999999964
3 0.24437499999999998 0.47625 0.013749999999999984 0.022499999999999964
3 0.24562499999999998 0.3079165 0.013750000000000012 0.02083299999999999
3 0.26468749999999996 0.4729165 0.018125000000000002 0.025832999999999995
3 0.28125 0.30874999999999997 0.010000000000000009 0.02250000000000002
3 0.2915625 0.4770835 0.010624999999999996 0.02083299999999999
3 0.31156249999999996 0.30708349999999995 0.011875000000000024 0.029167
3 0.31656249999999997 0.5354165 0.019374999999999976 0.02416699999999994
3 0.3375 0.3141665 0.00874999999999998 0.021666999999999992
3 0.3453125 0.47875 0.011875000000000024 0.014166000000000012
3 0.358125 0.5395835 0.011250000000000038 0.025832999999999995
3 0.3840625 0.3095835 0.011875000000000024 0.02083299999999999
3 0.3890625 0.4754165 0.014374999999999971 0.02083299999999999
3 0.4440625 0.31375 0.011875000000000024 0.03583399999999998
3 0.455625 0.5420834999999999 0.010000000000000009 0.02416699999999994
3 0.473125 0.313333 0.011249999999999982 0.019999999999999962
3 0.4828125 0.541667 0.013124999999999998 0.014999999999999902
3 0.5065625 0.30874999999999997 0.011874999999999969 0.03250000000000003
3 0.5490625 0.31333350000000004 0.01187500000000008 0.028332999999999997
3 0.575 0.314167 0.011249999999999982 0.02999999999999997
3 0.5884375 0.4745835 0.015625 0.025832999999999995
3 0.631875 0.3154165 0.011249999999999982 0.024166999999999994
3 0.6765625 0.3125 0.010624999999999996 0.015000000000000013
3 0.725625 0.3141665 0.012500000000000067 0.018332999999999988
3 0.8453124999999999 0.313333 0.01937500000000003 0.019999999999999962
