3 0.499375 0.6475 0.99875 0.06500000000000006
3 0.02375 0.8083335 0.015 0.016666999999999987
3 0.025625000000000002 0.7066665 0.01625 0.016666999999999987
3 0.04125 0.7466665 0.012499999999999997 0.016666999999999987
3 0.04625 0.97 0.012499999999999997 0.026665999999999968
3 0.085625 0.7191665 0.018750000000000003 0.018333000000000044
3 0.0875 0.8325 0.020000000000000004 0.025000000000000022
3 0.1 0.7708335 0.009999999999999995 0.011666999999999983
3 0.148125 0.733333 0.023749999999999993 0.020000000000000018
3 0.213125 0.6975 0.018750000000000017 0.018334000000000072
3 0.26749999999999996 0.7058329999999999 0.012500000000000011 0.015000000000000013
3 0.298125 0.7024999999999999 0.013749999999999984 0.015000000000000013
3 0.335 0.746667 0.015000000000000013 0.010000000000000009
3 0.33999999999999997 0.7091665 0.009999999999999953 0.008333000000000035
3 0.37812500000000004 0.8883335 0.01874999999999999 0.023333000000000048
3 0.43374999999999997 0.889167 0.027500000000000024 0.025000000000000022
3 0.50375 0.9175 0.030000000000000027 0.025000000000000022
3 0.504375 0.7058335 0.018750000000000044 0.008332999999999924
3 0.5093749999999999 0.78 0.01375000000000004 0.01666599999999996
3 0.52 0.5558335 0.015000000000000013 0.02833299999999994
3 0.528125 0.8574999999999999 0.01375000000000004 0.01833399999999996
3 0.535 0.7275 0.020000000000000018 0.011665999999999954
3 0.543125 0.7041664999999999 0.008750000000000036 0.018333000000000044
3 0.555625 0.8641669999999999 0.016249999999999987 0.025000000000000022
3 0.5675 0.7308334999999999 0.010000000000000009 0.011666999999999983
3 0.5825 0.7808335 0.01750000000000007 0.021666999999999992
3 0.59625 0.8041665 0.009999999999999898 0.011667000000000094
3 0.610625 0.8175 0.01375000000000004 0.011665999999999954
3 0.733125 0.7308330000000001 0.011249999999999982 0.0050000000000000044
3 0.758125 0.755 0.02124999999999999 0.020000000000000018
3 0.765 0.7108335 0.022499999999999964 0.018332999999999933
3 0.7831250000000001 0.7308334999999999 0.016249999999999987 0.021666999999999992
3 0.804375 0.829167 0.02124999999999999 0.015000000000000013
3 0.8031250000000001 0.9708335 0.016249999999999987 0.03833299999999995
3 0.805625 0.7741665 0.01375000000000004 0.021666999999999992
3 0.871875 0.7050000000000001 0.018749999999999933 0.013334000000000068
3 0.89375 0.7266665 0.02749999999999997 0.023333000000000048
3 0.9181250000000001 0.701667 0.01375000000000004 0.020000000000000018
3 0.935 0.7691669999999999 0.01749999999999996 0.025000000000000022
3 0.940625 0.6991670000000001 0.01375000000000004 0.015000000000000013
3 0.9456249999999999 0.746667 0.011250000000000093 0.010000000000000009
