3 0.006875 0.693333 0.01375 0.015000000000000013
3 0.08281250000000001 0.7270835 0.029375 0.01416700000000004
3 0.106875 0.73375 0.015 0.02750000000000008
3 0.1109375 0.90625 0.018125000000000002 0.014165999999999901
3 0.1940625 0.7370835 0.021874999999999978 0.0208330000000001
3 0.19406250000000003 0.7229165 0.014374999999999999 0.02416699999999994
3 0.2096875 0.5045835 0.02437499999999998 0.024166999999999994
3 0.205625 0.8804164999999999 0.013749999999999984 0.01416699999999993
3 0.2515625 0.47625 0.010625000000000023 0.03249999999999997
3 0.3340625 0.767083 0.015625 0.012500000000000067
3 0.3734375 0.3520835 0.013124999999999998 0.02083299999999999
3 0.4090625 0.50375 0.015625 0.03583399999999998
3 0.4340625 0.619583 0.01687500000000003 0.022499999999999964
3 0.443125 0.4920835 0.022499999999999964 0.015832999999999986
3 0.48406249999999995 0.65375 0.018125000000000002 0.029165999999999914
3 0.4828125 0.7904165 0.010624999999999996 0.01416700000000004
3 0.5140625000000001 0.67125 0.01937500000000003 0.019166000000000016
3 0.5253125000000001 0.49666699999999997 0.020625000000000004 0.009999999999999953
3 0.540625 0.19 0.012499999999999956 0.020000000000000018
3 0.5659375 0.4070835 0.014375000000000027 0.030833
3 0.5765625 0.566667 0.014375000000000027 0.010000000000000009
3 0.5846875 0.4320835 0.020625000000000004 0.01416700000000004
3 0.6159375 0.6870835 0.020625000000000004 0.030833
3 0.6221875 0.7112499999999999 0.008124999999999938 0.007499999999999951
3 0.6534375 0.33125 0.02187500000000009 0.02749999999999997
3 0.6840625 0.195 0.013125000000000053 0.04166599999999998
3 0.696875 0.3395835 0.023749999999999938 0.02083299999999999
3 0.6965625 0.4441665 0.011874999999999969 0.016667000000000043
3 0.6984375 0.24375 0.015625 0.024165999999999965
3 0.7659374999999999 0.238333 0.016875000000000084 0.034999999999999976
3 0.7925 0.1979165 0.015000000000000013 0.03916700000000001
3 0.8371875 0.1720835 0.016874999999999973 0.029167
3 0.8965624999999999 0.1641665 0.011874999999999969 0.038333000000000006
3 0.9365625 0.16249999999999998 0.014375000000000027 0.03833400000000001
