3 0.3449215 0.504167 0.07578099999999999 0.14375000000000004
3 0.10624999999999998 0.478646 0.05156199999999998 0.11145800000000006
3 0.16562500000000002 0.5833335 0.07968800000000001 0.12708299999999995
3 0.33554700000000004 0.8817710000000001 0.114844 0.192708
3 0.405078 0.613021 0.10859399999999997 0.10520799999999997
3 0.49257799999999996 0.522917 0.08203200000000005 0.14375
3 0.5621095 0.7927085 0.12265700000000002 0.07916699999999999
3 0.564844 0.8739585000000001 0.125 0.11458299999999999
3 0.660547 0.499479 0.058594000000000035 0.08645799999999998
3 0.6855469999999999 0.5427085 0.09140599999999999 0.06666700000000003
3 0.7183595 0.5682290000000001 0.08828099999999994 0.130208
3 0.8015625 0.5708335 0.057813 0.135417
3 0.8429690000000001 0.5348955 0.06250000000000011 0.140625
3 0.9011720000000001 0.553125 0.06640599999999985 0.14166600000000001
3 0.9675785 0.5427085 0.06328100000000014 0.14166700000000004
