3 0.8896875 0.30675399999999997 0.10062499999999996 0.10881800000000003
3 0.3565625 0.32035650000000004 0.13937500000000003 0.32363900000000007
3 0.5328125 0.46247649999999996 0.09937499999999999 0.09568499999999996
3 0.5440625 0.411351 0.028124999999999956 0.04409000000000002
3 0.65 0.24061950000000001 0.0625 0.117261
3 0.6584375 0.4085365 0.023125000000000062 0.027205000000000035
3 0.7268749999999999 0.2893995 0.03749999999999998 0.03470899999999999
3 0.73125 0.2490615 0.04625000000000001 0.053470999999999935
3 0.755625 0.435741 0.05624999999999991 0.04971800000000004
3 0.78 0.34052550000000004 0.04874999999999996 0.052532999999999996
3 0.8153125 0.417448 0.02937499999999993 0.04502799999999996
3 0.8353125 0.369606 0.038124999999999964 0.016885999999999957
3 0.9512499999999999 0.19559100000000001 0.03749999999999998 0.04971800000000001
