3 0.5387500000000001 0.135 0.08750000000000002 0.103334
3 0.246875 0.5408335 0.04125000000000001 0.031667
3 0.30500000000000005 0.6875 0.06 0.09166600000000003
3 0.28375 0.6191665 0.010000000000000009 0.008333000000000035
3 0.365625 0.5616665 0.028749999999999998 0.046667000000000014
3 0.40249999999999997 0.5791665 0.04999999999999999 0.03833299999999995
3 0.521875 0.499167 0.03875000000000006 0.065
3 0.6056250000000001 0.5716665000000001 0.06625000000000003 0.043332999999999955
3 0.6968749999999999 0.625 0.04874999999999996 0.03666600000000009
3 0.7268749999999999 0.6833335 0.04375000000000007 0.016666999999999987
3 0.765 0.6958335 0.03249999999999997 0.018332999999999933
3 0.85875 0.616667 0.04499999999999993 0.020000000000000018
3 0.911875 0.601667 0.06624999999999992 0.039999999999999925
3 0.91 0.6433335 0.030000000000000027 0.026666999999999996
3 0.93875 0.6525000000000001 0.03749999999999998 0.01833399999999996
3 0.969375 0.6375 0.053749999999999964 0.025000000000000022
