3 0.474121 0.08711549999999998 0.08691399999999994 0.10688099999999999
3 0.0336915 0.032211000000000004 0.043945 0.06442200000000001
3 0.09326200000000001 0.079795 0.05175800000000001 0.101024
3 0.20458949999999998 0.1661785 0.05371099999999998 0.08052700000000002
3 0.251953 0.2320645 0.05273399999999995 0.09516899999999998
3 0.30761700000000003 0.28916549999999996 0.0625 0.07174299999999995
3 0.3916015 0.370425 0.03710900000000006 0.09077600000000002
3 0.523438 0.672035 0.062499999999999944 0.06735000000000002
3 0.525879 0.7203515 0.06542999999999988 0.040995000000000004
3 0.53125 0.443631 0.044921999999999906 0.06149399999999994
3 0.5590820000000001 0.853587 0.06542999999999999 0.04978000000000016
3 0.5737304999999999 0.8953150000000001 0.05957099999999993 0.06295799999999996
3 0.5747070000000001 0.810395 0.05566400000000005 0.04831600000000014
3 0.57666 0.930454 0.04980400000000007 0.04245999999999994
3 0.588379 0.9692535 0.04980400000000007 0.0585650000000002
3 0.6108395 0.986823 0.022460999999999953 0.023426000000000058
3 0.731445 0.420205 0.058594000000000035 0.09663200000000005
3 0.8720705 0.3609075 0.04296899999999981 0.08345499999999995
3 0.9702145 0.370425 0.05761700000000003 0.09077600000000002
