3 0.0615625 0.6022514999999999 0.024374999999999994 0.05440900000000004
3 0.258125 0.37898699999999996 0.038750000000000034 0.06191399999999997
3 0.26968749999999997 0.485929 0.03562499999999996 0.08255200000000007
3 0.32999999999999996 0.44465299999999996 0.058750000000000024 0.065666
3 0.330625 0.5839585 0.057499999999999996 0.0590989999999999
3 0.409375 0.337711 0.05874999999999997 0.07880000000000004
3 0.61 0.40994400000000003 0.050000000000000044 0.065666
3 0.6599999999999999 0.490619 0.04749999999999999 0.04315199999999991
3 0.7053125 0.5347095 0.04062499999999991 0.05816100000000002
3 0.7515624999999999 0.537054 0.03312499999999996 0.04596599999999995
3 0.7578125 0.3954035 0.04562500000000003 0.07035699999999995
3 0.9346875 0.396341 0.04062499999999991 0.06472800000000001
3 0.99 0.38602250000000005 0.018750000000000044 0.036585000000000034
