3 0.33906250000000004 0.8570835 0.070625 0.09083299999999994
3 0.005 0.5195835 0.01 0.035833000000000004
3 0.0096875 0.5549999999999999 0.019375 0.04500000000000004
3 0.0115625 0.4966665 0.015625 0.038333000000000006
3 0.0303125 0.4758335 0.031875 0.06166699999999997
3 0.050312499999999996 0.5083335 0.013125000000000005 0.04833299999999996
3 0.06 0.509583 0.011250000000000003 0.03250000000000003
3 0.10718749999999999 0.457917 0.095625 0.0675
3 0.12843749999999998 0.495833 0.021875000000000006 0.015000000000000013
3 0.1521875 0.49625 0.020625000000000004 0.02416600000000002
3 0.15812500000000002 0.5716665000000001 0.022499999999999992 0.043332999999999955
3 0.1609375 0.5404165 0.016875 0.035833000000000004
3 0.15875 0.43875 0.010000000000000009 0.025833999999999968
3 0.1615625 0.480417 0.013124999999999998 0.03250000000000003
3 0.1671875 0.43875 0.011874999999999997 0.02250000000000002
3 0.1678125 0.46458299999999997 0.010624999999999996 0.03250000000000003
3 0.176875 0.4495835 0.010000000000000009 0.025832999999999995
3 0.1821875 0.5175000000000001 0.015625 0.04500000000000004
3 0.1896875 0.45875 0.013124999999999998 0.030834000000000028
3 0.1975 0.535417 0.014999999999999986 0.04249999999999998
3 0.2053125 0.4295835 0.013124999999999998 0.030833
3 0.2103125 0.49124999999999996 0.013125000000000026 0.030833999999999973
3 0.22031250000000002 0.44458299999999995 0.011874999999999997 0.027500000000000024
3 0.22 0.4354165 0.00874999999999998 0.025832999999999995
3 0.2578125 0.4508335 0.06062500000000001 0.06666700000000003
3 0.24093750000000003 0.483333 0.014374999999999999 0.050000000000000044
3 0.2646875 0.4733335 0.015625 0.036667000000000005
3 0.291875 0.42625 0.012499999999999956 0.02083400000000002
3 0.3015625 0.41125 0.009375000000000022 0.025834000000000024
3 0.3071875 0.5208335 0.015625 0.04166700000000001
3 0.3103125 0.46375 0.021874999999999978 0.007500000000000007
3 0.3096875 0.425833 0.015625 0.034999999999999976
3 0.32781249999999995 0.5 0.023125000000000007 0.023333999999999966
3 0.3259375 0.4454165 0.016874999999999973 0.025832999999999995
3 0.3284375 0.4675 0.016874999999999973 0.009999999999999953
3 0.3384375 0.4604165 0.015625 0.01416700000000004
3 0.33968750000000003 0.420833 0.008124999999999993 0.019999999999999962
3 0.3453125 0.417083 0.011875000000000024 0.017500000000000016
3 0.349375 0.545 0.013749999999999984 0.04166599999999998
3 0.35 0.4870835 0.014999999999999958 0.03916699999999995
3 0.35906249999999995 0.525 0.018125000000000002 0.018334000000000072
3 0.3571875 0.44208349999999996 0.011874999999999969 0.01916699999999999
3 0.371875 0.43125 0.015000000000000013 0.014165999999999956
3 0.3778125 0.520417 0.016874999999999973 0.01750000000000007
3 0.3953125 0.489583 0.020625000000000004 0.03750000000000003
3 0.391875 0.4320835 0.011250000000000038 0.025832999999999995
3 0.3984375 0.417917 0.009375000000000022 0.02250000000000002
3 0.409375 0.4520835 0.010000000000000009 0.030833
3 0.41125 0.49583299999999997 0.011249999999999982 0.03999999999999998
3 0.41718750000000004 0.41708350000000005 0.008124999999999993 0.024166999999999994
3 0.4203125 0.48375 0.011875000000000024 0.04249999999999998
3 0.450625 0.44666649999999997 0.0675 0.096667
3 0.4234375 0.419583 0.010624999999999996 0.022499999999999964
3 0.434375 0.41125 0.006249999999999978 0.019166000000000016
3 0.43781250000000005 0.4045835 0.008124999999999993 0.01916699999999999
3 0.4596875 0.4791665 0.013124999999999998 0.03833299999999995
3 0.4653125 0.51625 0.019374999999999976 0.029166000000000025
3 0.484375 0.5379165 0.026249999999999996 0.03416700000000006
3 0.625 0.404167 0.28374999999999995 0.09499999999999997
3 0.5103125 0.48791650000000003 0.013124999999999942 0.04083300000000001
3 0.5346875 0.51625 0.015625 0.03249999999999997
3 0.5496875 0.5587500000000001 0.02187500000000009 0.03749999999999998
3 0.5553125 0.475 0.018124999999999947 0.036665999999999976
3 0.6071875 0.5525 0.02562500000000001 0.050000000000000044
3 0.6196875 0.45375 0.018125000000000058 0.034165999999999974
3 0.6203125 0.4920835 0.016875000000000084 0.03916700000000001
3 0.6484375 0.5208335 0.023125000000000062 0.05166700000000002
3 0.6659375 0.5608335 0.026874999999999982 0.053332999999999964
3 0.6690625 0.4741665 0.015625 0.031667
3 0.679375 0.46375 0.010000000000000009 0.030834000000000028
3 0.7153125 0.4579165 0.020625000000000004 0.035833000000000004
3 0.738125 0.525833 0.022499999999999964 0.04499999999999993
3 0.7649999999999999 0.56375 0.03749999999999998 0.01749999999999996
3 0.7534375 0.4525 0.011874999999999969 0.008334000000000008
3 0.7634375 0.505417 0.023125000000000062 0.017500000000000016
3 0.7709375 0.45166649999999997 0.020625000000000004 0.013332999999999984
3 0.7746875 0.38375000000000004 0.015625 0.009165999999999952
3 0.780625 0.36791700000000005 0.011249999999999982 0.02250000000000002
3 0.7884375 0.38375000000000004 0.01187500000000008 0.02916599999999997
3 0.7975000000000001 0.5683335 0.025000000000000022 0.05666700000000002
3 0.7915625 0.35875 0.010624999999999996 0.024165999999999965
3 0.8 0.3679165 0.008749999999999925 0.025832999999999995
3 0.8090625 0.3895835 0.011874999999999969 0.02083299999999999
3 0.8284374999999999 0.9604170000000001 0.04312499999999997 0.07750000000000001
3 0.8131250000000001 0.37541650000000004 0.006249999999999978 0.01916699999999999
3 0.8253124999999999 0.36291700000000005 0.010624999999999996 0.02250000000000002
3 0.8421875 0.37375 0.008124999999999938 0.02250000000000002
3 0.8609374999999999 0.471667 0.02937500000000004 0.015000000000000013
3 0.85375 0.3545835 0.012499999999999956 0.019167000000000045
3 0.8768750000000001 0.3483335 0.007499999999999951 0.016666999999999987
3 0.8871875 0.5358335000000001 0.02562500000000001 0.04833300000000007
3 0.90125 0.7808335 0.043749999999999956 0.08666699999999994
3 0.89125 0.34416650000000004 0.007500000000000062 0.018332999999999988
3 0.891875 0.36541650000000003 0.008750000000000036 0.024166999999999994
3 0.9003125000000001 0.3629165 0.008125000000000049 0.015832999999999986
3 0.9015625 0.349167 0.008125000000000049 0.015000000000000013
3 0.9253125 0.491667 0.021874999999999978 0.04500000000000004
3 0.9215625000000001 0.35208300000000003 0.0068750000000000755 0.017500000000000016
3 0.9568749999999999 0.33875 0.007499999999999951 0.019166000000000016
3 0.9603125 0.3629165 0.01187500000000008 0.01916699999999999
3 0.9796875 0.39208299999999996 0.014374999999999916 0.03250000000000003
