3 0.750977 0.9335935 0.08007799999999998 0.11197899999999994
3 0.0126955 0.3125 0.025391 0.05729200000000001
3 0.020508000000000002 0.0390625 0.041016000000000004 0.07291700000000001
3 0.030273500000000002 0.454427 0.060547000000000004 0.091146
3 0.037108999999999996 0.348958 0.05859399999999999 0.06770799999999999
3 0.1728515 0.354167 0.259765 0.25
3 0.0839845 0.364583 0.046875 0.0625
3 0.114258 0.427083 0.05664000000000001 0.08854200000000001
3 0.131836 0.479167 0.048827999999999996 0.08854199999999995
3 0.15429700000000002 0.453125 0.07421799999999998 0.08854200000000001
3 0.165039 0.6002605 0.08398399999999999 0.09114500000000003
3 0.28613299999999997 0.753906 0.083984 0.19010399999999994
3 0.331055 0.329427 0.04882799999999998 0.08073000000000002
3 0.34472650000000005 0.467448 0.029296999999999962 0.065104
3 0.3984375 0.2916665 0.04296899999999998 0.078125
3 0.3974605 0.3776045 0.03320299999999998 0.08333299999999999
3 0.455078 0.536458 0.0625 0.09375
3 0.5166014999999999 0.716146 0.05273499999999992 0.08854200000000001
3 0.5419924999999999 0.48828099999999997 0.06445299999999998 0.096354
3 0.5625 0.3033855 0.05468799999999985 0.059894999999999976
3 0.5664064999999999 0.39453150000000003 0.046875 0.080729
3 0.591797 0.5338545 0.03125 0.08333299999999993
3 0.678711 0.4270835 0.19726599999999994 0.260417
3 0.633789 0.674479 0.04101599999999994 0.09375
3 0.7470700000000001 0.6171875 0.08007799999999998 0.0833330000000001
3 0.8691405 0.3815105 0.25781299999999985 0.28385499999999997
3 0.8183595 0.541667 0.042969000000000035 0.08854199999999995
3 0.8867185000000001 0.670573 0.07421900000000003 0.09635400000000005
3 0.9013674999999999 0.5117185 0.06835899999999995 0.111979
3 0.9375 0.5638025 0.07421800000000012 0.08072900000000005
3 0.9433595 0.8359375 0.07031299999999985 0.1145830000000001
3 0.9560545 0.7890625 0.08398499999999987 0.09895900000000002
3 0.959961 0.5846355000000001 0.0761719999999999 0.10156299999999996
