3 0.6778124999999999 0.1520495 0.06562499999999993 0.084843
3 0.16593750000000002 0.255958 0.031875000000000014 0.05052399999999996
3 0.219375 0.3612965 0.05124999999999999 0.05529099999999998
3 0.26125 0.4647285 0.05124999999999999 0.058151000000000064
3 0.3146875 0.7635845 0.073125 0.08960900000000005
3 0.3378125 0.6563395000000001 0.073125 0.09056300000000006
3 0.3978125 0.56244 0.05562499999999998 0.08579599999999998
3 0.463125 0.5262155 0.065 0.09151499999999996
3 0.4996875 0.450429 0.07437499999999997 0.10009600000000007
3 0.5734375 0.340801 0.07062500000000005 0.10390800000000006
3 0.6534375 0.313632 0.07937499999999997 0.087702
3 0.795625 0.27740699999999996 0.07374999999999998 0.09342199999999995
3 0.9299999999999999 0.521449 0.061249999999999916 0.08961000000000008
