3 0.034062499999999996 0.9048725 0.023125 0.180975
3 0.0371875 0.7563804999999999 0.023125000000000003 0.06960500000000003
3 0.055 0.7969835 0.012499999999999997 0.06728500000000004
3 0.0665625 0.8515079999999999 0.020624999999999998 0.07888600000000012
3 0.0703125 0.75058 0.015625 0.09048800000000001
3 0.1015625 0.8468675000000001 0.03187499999999999 0.041762999999999884
3 0.1278125 0.857309 0.033125 0.09976800000000008
3 0.1309375 0.9419955 0.034375 0.06960499999999992
3 0.1359375 0.7529005 0.010624999999999996 0.0858469999999999
3 0.16999999999999998 0.9338744999999999 0.008750000000000008 0.06264499999999995
3 0.1953125 0.921114 0.021874999999999978 0.15313199999999993
3 0.20375 0.87355 0.03624999999999998 0.10440800000000017
3 0.2278125 0.787703 0.02437499999999998 0.11368999999999996
3 0.2371875 0.9095125 0.03312499999999999 0.16705299999999978
3 0.2559375 0.8433875 0.03187499999999999 0.15545300000000006
3 0.38968749999999996 0.9814384999999999 0.013124999999999998 0.03248299999999993
3 0.4496875 0.87355 0.023125000000000007 0.10440800000000017
3 0.53125 0.8294659999999999 0.016250000000000098 0.12761
3 0.5996874999999999 0.815545 0.021874999999999978 0.09512799999999999
3 0.6828125 0.8526685 0.018125000000000058 0.10904900000000006
3 0.6996875 0.8480274999999999 0.013125000000000053 0.09048699999999987
3 0.7106250000000001 0.9338744999999999 0.03500000000000003 0.1183289999999999
3 0.7271875 0.8642695 0.01937499999999992 0.11368900000000004
3 0.7534375 0.933875 0.028124999999999956 0.12760999999999978
