3 0.7737499999999999 0.1458725 0.1675000000000001 0.13414700000000002
3 0.0221875 0.5281425 0.044375 0.12757900000000005
3 0.0246875 0.46106949999999997 0.041874999999999996 0.11538499999999996
3 0.1221875 0.5501875 0.09812500000000002 0.11350899999999997
3 0.1521875 0.521576 0.03812500000000002 0.13696000000000003
3 0.21437499999999998 0.4394935 0.04250000000000001 0.10412699999999997
3 0.24593749999999998 0.530957 0.06687499999999999 0.13695999999999997
3 0.2846875 0.522983 0.03437499999999999 0.12476599999999993
3 0.290625 0.4484055 0.04375000000000001 0.10131300000000004
3 0.31875 0.441839 0.036250000000000004 0.08442799999999995
3 0.3596875 0.5173545 0.06687500000000002 0.11726100000000012
3 0.389375 0.4291745 0.04124999999999995 0.09474699999999997
3 0.41625 0.5089115 0.053749999999999964 0.14165099999999997
3 0.4875 0.43855500000000003 0.05999999999999994 0.08724200000000004
3 0.4875 0.521576 0.057499999999999996 0.13696000000000003
3 0.5409375000000001 0.510788 0.07562499999999994 0.13039400000000012
3 0.59625 0.44324600000000003 0.05500000000000005 0.11163200000000001
3 0.6121875 0.525328 0.06687500000000002 0.12945600000000002
3 0.6434375 0.5154785000000001 0.026874999999999982 0.12101300000000004
3 0.67625 0.46106900000000006 0.07125000000000004 0.10788000000000003
3 0.74375 0.5182925 0.050000000000000044 0.11538500000000007
3 0.78625 0.4165105 0.05125000000000002 0.09568499999999996
3 0.8043750000000001 0.484522 0.06375000000000008 0.10975600000000002
3 0.848125 0.49906149999999994 0.05625000000000002 0.09568499999999996
3 0.8665625 0.4108815 0.05812499999999998 0.09568499999999996
3 0.906875 0.4821765 0.06125000000000003 0.09193299999999999
3 0.95625 0.0389305 0.07874999999999999 0.077861
3 0.9690624999999999 0.39915599999999996 0.06062500000000004 0.10788000000000003
