3 0.0184375 0.5527774999999999 0.035625 0.04111100000000001
3 0.0246875 0.5061115 0.030625 0.03888900000000001
3 0.09843750000000001 0.207222 0.068125 0.15222200000000002
3 0.09125 0.5372224999999999 0.03375 0.03888900000000006
3 0.18343749999999998 0.3905555 0.040624999999999994 0.07222300000000004
3 0.218125 0.5327775 0.03624999999999998 0.061110999999999915
3 0.2265625 0.43388899999999997 0.021874999999999978 0.03222200000000003
3 0.245625 0.6627775 0.03750000000000003 0.061110999999999915
3 0.260625 0.6155554999999999 0.04874999999999999 0.0888890000000001
3 0.26156250000000003 0.4316665 0.02812500000000001 0.036667000000000005
3 0.3021875 0.5316665 0.03937500000000005 0.0455549999999999
3 0.420625 0.4566665 0.04624999999999996 0.06888899999999992
3 0.459375 0.602778 0.04999999999999999 0.04999999999999993
3 0.4759375 0.40388900000000005 0.023125000000000007 0.045555999999999985
3 0.509375 0.626667 0.04375000000000001 0.05777800000000011
3 0.5584375 0.5505555 0.03687499999999999 0.04555500000000001
3 0.6409374999999999 0.41166650000000005 0.03562499999999991 0.041111000000000064
3 0.73 0.38722199999999996 0.023749999999999938 0.04777799999999993
3 0.7934375 0.4594445 0.028124999999999956 0.036667000000000005
3 0.830625 0.4633335 0.036250000000000004 0.07333299999999998
3 0.8446875 0.508333 0.038124999999999964 0.030000000000000082
3 0.910625 0.3783335 0.016249999999999987 0.04333300000000001
3 0.9221874999999999 0.395 0.03187499999999999 0.045555999999999985
3 0.935 0.3588885 0.016249999999999987 0.031111
3 0.9725 0.5283329999999999 0.053749999999999964 0.14777800000000008
