3 0.5800000000000001 0.34375 0.09625000000000006 0.15083400000000002
3 0.0134375 0.32 0.026875 0.153334
3 0.1925 0.3425 0.07374999999999998 0.11166599999999999
3 0.29593749999999996 0.35625 0.08937500000000004 0.09750000000000003
3 0.48281250000000003 0.67125 0.09312500000000001 0.07416599999999995
3 0.47406249999999994 0.3554165 0.05562499999999998 0.11083300000000001
3 0.5046875 0.80125 0.030625000000000013 0.08250000000000002
3 0.5628125 0.7616665 0.046875 0.09666700000000006
3 0.6634374999999999 0.3641665 0.051875000000000004 0.11333300000000002
3 0.74875 0.374167 0.07999999999999996 0.10999999999999999
3 0.7715624999999999 0.7870835 0.06062500000000004 0.08083300000000004
3 0.809375 0.3733335 0.04125000000000001 0.10833299999999996
3 0.8596874999999999 0.36916649999999995 0.05937500000000007 0.10666700000000001
3 0.9365625 0.3725 0.05062500000000003 0.11333400000000005
3 0.9728125000000001 0.7904169999999999 0.05312499999999998 0.12249999999999994
3 0.98125 0.38958349999999997 0.036250000000000004 0.06916700000000003
