3 0.496827 0.1637055 0.06852799999999998 0.10406100000000001
3 0.006345 0.42766499999999996 0.01269 0.04060999999999998
3 0.008883 0.47335 0.017766 0.01015200000000005
3 0.0139595 0.5672584999999999 0.027919 0.03807100000000008
3 0.499683 0.7442895 0.999366 0.270305
3 0.0393405 0.035532999999999995 0.069797 0.07106599999999999
3 0.08026649999999999 0.43401 0.06408699999999999 0.0482240000000001
3 0.11326149999999999 0.015228499999999999 0.04758899999999999 0.030456999999999998
3 0.1405455 0.5672585 0.036167000000000005 0.03299500000000011
3 0.15862949999999998 0.6700504999999999 0.032995000000000024 0.032995
3 0.17893399999999998 0.6211930000000001 0.03045600000000001 0.04949199999999998
3 0.182424 0.6059645 0.034897999999999985 0.04949300000000001
3 0.231599 0.2455585 0.038071999999999995 0.06218299999999999
3 0.239848 0.5190355 0.04187799999999997 0.027919000000000027
3 0.25602800000000003 0.4752535 0.051396000000000025 0.06979700000000005
3 0.25349 0.5659894999999999 0.03109199999999998 0.03553300000000015
3 0.2668145 0.37246199999999996 0.03743699999999997 0.049492000000000036
3 0.27252550000000003 0.6408625 0.03109099999999998 0.03553300000000004
3 0.3118655 0.4568525 0.03236100000000003 0.03807100000000002
3 0.320114 0.5190355 0.03616799999999998 0.04822300000000007
3 0.3353425 0.568528 0.02855300000000005 0.025379999999999958
3 0.3816625 0.568528 0.036167000000000005 0.04568599999999989
3 0.43813450000000004 0.430203 0.04124300000000003 0.055838
3 0.46605300000000005 0.6002535 0.041244 0.022842999999999947
3 0.5276015000000001 0.6148480000000001 0.03109099999999998 0.03680199999999989
3 0.5371195 0.5824875 0.037437000000000054 0.038070999999999855
3 0.54632 0.536802 0.03426400000000007 0.06345199999999995
3 0.5682105 0.6598984999999999 0.039975000000000094 0.048223000000000016
3 0.625 0.6110405 0.02791800000000011 0.04441699999999993
3 0.637373 0.573604 0.039974000000000065 0.03045600000000004
3 0.662119 0.618655 0.04378199999999999 0.03426400000000007
3 0.6725885 0.5139595 0.032995 0.03807100000000002
3 0.7078045 0.389594 0.050127000000000144 0.04568599999999995
3 0.783947 0.485406 0.04632000000000003 0.049492000000000036
3 0.7921955 0.645939 0.0348989999999999 0.040609999999999924
