3 0.0684375 0.42724 0.029375000000000005 0.031056000000000084
3 0.1384375 0.44498650000000006 0.02562500000000001 0.029281000000000057
3 0.2165625 0.44853600000000005 0.028124999999999983 0.029282000000000086
3 0.3034375 0.49733799999999995 0.025624999999999953 0.03283000000000008
3 0.4009375 0.5084295 0.06187500000000001 0.04791499999999993
3 0.5096875000000001 0.5017745 0.030625000000000013 0.03815500000000005
3 0.5915625 0.517746 0.030625000000000013 0.03637999999999991
3 0.7206250000000001 0.492014 0.03749999999999998 0.04347800000000002
3 0.8146875 0.4982255 0.02562500000000001 0.041703000000000046
3 0.95375 0.5035495000000001 0.03249999999999997 0.03460500000000005
