3 0.026875 0.394583 0.019999999999999997 0.05250000000000005
3 0.110625 0.38208299999999995 0.03375 0.027500000000000024
3 0.1540625 0.377083 0.045625 0.03749999999999998
3 0.1953125 0.39875 0.03687499999999999 0.119166
3 0.2709375 0.39 0.03312499999999996 0.09166599999999997
3 0.4175 0.165417 0.02999999999999997 0.07250000000000001
3 0.513125 0.15166700000000002 0.03250000000000003 0.05500000000000001
3 0.57625 0.14625 0.03249999999999997 0.05916599999999998
3 0.7015625 0.5504165 0.04937499999999995 0.05916699999999997
3 0.9834375 0.14125 0.024375000000000036 0.04083400000000001
