3 0.3410155 0.489449 0.682031 0.554514
3 0.233203 0.119578 0.014844000000000024 0.009377999999999997
3 0.3671875 0.1922625 0.012498999999999927 0.011722999999999983
3 0.637891 0.17585 0.033594000000000124 0.02110200000000001
3 0.6546875 0.8305980000000001 0.03593700000000011 0.01523999999999992
3 0.6976564999999999 0.5586165000000001 0.021874999999999978 0.017585000000000073
3 0.7132815 0.423212 0.02968700000000002 0.021102000000000065
3 0.7191405 0.31535749999999996 0.022656999999999927 0.016412999999999955
3 0.7875 0.190504 0.028124000000000038 0.022274000000000016
3 0.8093745 0.5457205 0.015625 0.017585000000000073
3 0.8316405 0.30715099999999995 0.011719000000000035 0.02110200000000001
3 0.8546875 0.3464245 0.02343699999999982 0.017584999999999962
3 0.873047 0.39390400000000003 0.027344000000000035 0.011724000000000012
