3 0.08937500000000001 0.272045 0.018750000000000003 0.028142
3 0.14187499999999997 0.0590995 0.03 0.05065700000000001
3 0.1709375 0.36163199999999995 0.020625000000000004 0.023451999999999973
3 0.18406250000000002 0.0286115 0.03687500000000002 0.057223
3 0.2546875 0.422139 0.014375000000000027 0.020638000000000045
3 0.26749999999999996 0.2603185 0.013749999999999984 0.032833
3 0.295625 0.2265475 0.021250000000000047 0.030957000000000012
3 0.296875 0.2668855 0.018750000000000044 0.030957000000000012
3 0.3334375 0.333959 0.015625 0.02251399999999998
3 0.3596875 0.3513135 0.01937500000000003 0.029081000000000023
3 0.36624999999999996 0.401032 0.013749999999999984 0.025328000000000017
3 0.4328125 0.2640715 0.021874999999999978 0.036585000000000006
3 0.4453125 0.1013135 0.021874999999999978 0.05065700000000001
3 0.45125 0.235929 0.015000000000000013 0.019699999999999995
3 0.49624999999999997 0.0065665 0.012499999999999956 0.013133
3 0.5121875 0.2781425 0.024375000000000036 0.030957000000000012
3 0.5121875 0.297373 0.024375000000000036 0.022514000000000034
3 0.5584375 0.2997185 0.014375000000000027 0.03470899999999999
3 0.5828125 0.2640715 0.016875000000000084 0.032833
3 0.5934375 0.012195000000000001 0.02562500000000001 0.024390000000000002
3 0.6084375 0.25656650000000003 0.016874999999999973 0.036585000000000034
3 0.6253124999999999 0.128987 0.02312499999999995 0.04033799999999997
3 0.6378125 0.1796435 0.02187500000000009 0.03283299999999997
3 0.6578125 0.315666 0.028124999999999956 0.029079999999999995
3 0.6565624999999999 0.23780450000000003 0.020625000000000004 0.03470900000000002
3 0.7 0.2898685 0.015000000000000013 0.033770999999999995
3 0.7165625 0.326454 0.015625 0.026265999999999956
3 0.7190624999999999 0.24765500000000001 0.013124999999999942 0.02626600000000004
3 0.7365625 0.2340525 0.016874999999999973 0.027205000000000007
3 0.7609375 0.303471 0.021874999999999978 0.030955999999999984
3 0.7628125 0.152439 0.023125000000000062 0.040337999999999985
3 0.778125 0.40712950000000003 0.01749999999999996 0.018761000000000083
3 0.80375 0.184334 0.015000000000000013 0.030955999999999984
3 0.8240624999999999 0.25891200000000003 0.018125000000000058 0.018762
3 0.8365625 0.1754225 0.01937499999999992 0.03189500000000001
3 0.8928125 0.2303 0.034375000000000044 0.027204000000000006
3 0.8878125 0.2532835 0.02187500000000009 0.030019000000000018
3 0.8903125000000001 0.1017825 0.016875000000000084 0.03470899999999999
3 0.8990625 0.182458 0.034375000000000044 0.038461999999999996
3 0.9315625 0.24155700000000002 0.02562500000000001 0.019699999999999968
3 0.9425 0.21576 0.008750000000000036 0.024390000000000023
3 0.9503125 0.0483115 0.01187500000000008 0.03658499999999999
3 0.96 0.08395849999999999 0.03125 0.034709000000000004
3 0.9509375 0.197467 0.010624999999999996 0.023451999999999973
3 0.9924999999999999 0.22560999999999998 0.01375000000000004 0.02532799999999999
