1 0.004375 0.8048345 0.00875 0.01790500000000006
1 0.01 0.7793194999999999 0.02 0.04386699999999999
1 0.0146875 0.7130704999999999 0.029375 0.06177299999999997
1 0.050937500000000004 0.8178155 0.059375 0.08863100000000002
1 0.0984375 0.06982999999999999 0.061874999999999986 0.09310599999999998
1 0.0953125 0.8433305 0.036875000000000005 0.051925
1 0.146875 0.793196 0.04625000000000001 0.07878200000000002
1 0.19 0.41495099999999996 0.11875000000000002 0.19426999999999994
1 0.1509375 0.854521 0.018125000000000002 0.029544000000000015
1 0.1921875 0.6835275 0.02562499999999998 0.03312500000000007
1 0.2159375 0.822292 0.024375000000000008 0.038495999999999975
1 0.21375 0.854521 0.012500000000000011 0.022382000000000124
1 0.2253125 0.854521 0.020625000000000004 0.036705999999999905
1 0.30281250000000004 0.0125335 0.03937499999999999 0.025067
1 0.3209375 0.816025 0.03187499999999999 0.04565800000000009
1 0.32343750000000004 0.7761865000000001 0.03437499999999999 0.059087
1 0.34781249999999997 0.8455685000000001 0.019374999999999976 0.02596299999999996
1 0.37 0.8455685 0.03125 0.04386699999999999
1 0.441875 0.2690245 0.16124999999999995 0.26051900000000006
1 0.395 0.7376905 0.05249999999999999 0.08236299999999996
1 0.3853125 0.8563114999999999 0.020625000000000004 0.022381000000000095
1 0.3890625 0.859445 0.020625000000000004 0.023275999999999963
1 0.393125 0.8213965 0.022499999999999964 0.04028699999999996
1 0.4096875 0.8419875 0.02812500000000001 0.05102899999999999
1 0.42625 0.8196060000000001 0.04375000000000001 0.06177200000000005
1 0.4396875 0.8428825 0.021874999999999978 0.03491500000000003
1 0.4553125 0.701432 0.024375000000000036 0.038495999999999975
1 0.46281249999999996 0.7453 0.03437499999999999 0.05282000000000009
1 0.47562499999999996 0.572068 0.03999999999999998 0.06266799999999995
1 0.5009375 0.6920325 0.020625000000000004 0.030438999999999994
1 0.5756249999999999 0.169651 0.16499999999999998 0.267682
1 0.5634375 0.858997 0.02312499999999995 0.031334000000000084
1 0.58375 0.7470905000000001 0.04875000000000007 0.07609699999999997
1 0.5778125000000001 0.710385 0.020625000000000004 0.020589999999999997
1 0.6303125 0.847359 0.03312499999999996 0.047447999999999935
1 0.6346875000000001 0.816025 0.041874999999999996 0.054609999999999936
1 0.6553125 0.788272 0.021874999999999978 0.03670600000000013
1 0.7121875 0.2023275 0.135625 0.22918499999999997
1 0.7012499999999999 0.7837959999999999 0.04749999999999999 0.07967800000000003
1 0.7959375 0.2542525 0.08062500000000006 0.125335
1 0.7996875 0.3782455 0.07562500000000005 0.11190699999999998
1 0.983125 0.510743 0.03249999999999997 0.10295399999999993
