1 0.1540625 0.35708300000000004 0.015625 0.017500000000000016
1 0.17781249999999998 0.2829165 0.014374999999999999 0.024166999999999994
1 0.1771875 0.008333499999999999 0.011874999999999997 0.016666999999999998
1 0.210625 0.13125 0.015000000000000013 0.02416599999999998
1 0.26625 0.34791649999999996 0.015000000000000013 0.029167
1 0.2765625 0.062917 0.015625 0.027499999999999997
1 0.3046875 0.2129165 0.018124999999999947 0.024167000000000022
1 0.3128125 0.03958299999999999 0.015625 0.0225
1 0.326875 0.35625 0.009999999999999953 0.015834000000000015
1 0.3328125 0.28625 0.016874999999999973 0.02416600000000002
1 0.3484375 0.1254165 0.01937500000000003 0.020832999999999977
1 0.3540625 0.7379165 0.015625 0.02416700000000005
1 0.3784375 0.72125 0.015625 0.025834000000000024
1 0.3940625 0.18125 0.018125000000000002 0.025834000000000024
1 0.3959375 0.4404165 0.014375000000000027 0.019167000000000045
1 0.43781250000000005 0.2408335 0.018125000000000002 0.023332999999999993
1 0.4390625 0.41458300000000003 0.015625 0.02250000000000002
1 0.4403125 0.28875 0.018125000000000002 0.030834000000000028
1 0.4478125 0.9595834999999999 0.021874999999999978 0.03416699999999995
1 0.460625 0.48125 0.01375000000000004 0.025834000000000024
1 0.5018750000000001 0.299583 0.01375000000000004 0.022499999999999964
1 0.5046875000000001 0.12625 0.01687500000000003 0.02083400000000002
1 0.5071875 0.47958350000000005 0.014375000000000027 0.029167
1 0.5309375000000001 0.127083 0.018125000000000058 0.022499999999999992
1 0.5453125 0.26125 0.013125000000000053 0.02250000000000002
1 0.5496875 0.952083 0.014375000000000027 0.022499999999999964
1 0.5628124999999999 0.377917 0.014374999999999916 0.01749999999999996
1 0.5653125 0.027916999999999997 0.01187500000000008 0.017499999999999998
1 0.5859375 0.12625 0.014375000000000027 0.02083400000000002
1 0.5909375 0.12875 0.016874999999999973 0.025834000000000024
1 0.5974999999999999 0.035833500000000004 0.01375000000000004 0.021667
1 0.6 0.25875000000000004 0.011249999999999982 0.017500000000000016
1 0.6053124999999999 0.14250000000000002 0.011874999999999969 0.011665999999999982
1 0.613125 0.0129165 0.011249999999999982 0.020833
1 0.6184375 0.23458299999999999 0.01937500000000003 0.027499999999999997
1 0.6228125 0.27625 0.013125000000000053 0.02083400000000002
1 0.63125 0.0545835 0.008750000000000036 0.015833
1 0.63125 0.3070835 0.008750000000000036 0.02083299999999999
1 0.6584375 0.09 0.014375000000000027 0.016666000000000014
1 0.6659375000000001 0.6470834999999999 0.024374999999999925 0.03916700000000006
1 0.6609375 0.15125 0.009375000000000022 0.015834000000000015
1 0.6775 0.2379165 0.008750000000000036 0.02083299999999999
1 0.7253125 0.5129165 0.01937500000000003 0.030832999999999944
1 0.7696875000000001 0.575833 0.020625000000000004 0.029999999999999916
1 0.8121875000000001 0.677917 0.01937500000000003 0.02750000000000008
1 0.8271875 0.5104164999999999 0.021874999999999978 0.03583299999999995
1 0.8571875 0.63625 0.024375000000000036 0.03249999999999997
1 0.8946875 0.4929165 0.026874999999999982 0.035833000000000004
