3 0.0859375 0.6083335 0.06312499999999999 0.03833299999999995
3 0.15468749999999998 0.6566665 0.053125000000000006 0.031667
3 0.326875 0.9520835000000001 0.09249999999999997 0.094167
3 0.291875 0.7041664999999999 0.007500000000000007 0.008333000000000035
3 0.32875 0.4 0.04249999999999998 0.05499999999999999
3 0.339375 0.7016665 0.044999999999999984 0.05833299999999997
3 0.43937499999999996 0.48958349999999995 0.07500000000000001 0.06583299999999997
3 0.436875 0.5662499999999999 0.03375 0.08083399999999996
3 0.4721875 0.5733334999999999 0.043125000000000024 0.06666699999999992
3 0.48968750000000005 0.95625 0.046875000000000056 0.08583400000000008
3 0.494375 0.5829165000000001 0.034999999999999976 0.03416699999999995
3 0.505625 0.517917 0.034999999999999976 0.032500000000000084
3 0.5034375 0.5566665 0.01937500000000003 0.04166700000000001
3 0.5078125 0.6720835000000001 0.023125000000000007 0.02083299999999999
3 0.5225 0.595417 0.03249999999999997 0.03249999999999997
3 0.5240625 0.5708329999999999 0.01937499999999992 0.04500000000000004
3 0.5421875 0.5816669999999999 0.01937500000000003 0.039999999999999925
3 0.5646875 0.6033335 0.020625000000000004 0.04166700000000001
3 0.5774999999999999 0.609167 0.026249999999999996 0.050000000000000044
3 0.59375 0.41125 0.0475000000000001 0.019166000000000016
3 0.5996874999999999 0.95875 0.05437499999999995 0.08083400000000007
3 0.6046875 0.5941665 0.051875000000000004 0.046667000000000014
3 0.5956250000000001 0.6200000000000001 0.026249999999999996 0.046665999999999985
3 0.5953125 0.7075 0.018124999999999947 0.021665999999999963
3 0.615 0.6308335 0.028750000000000053 0.04833300000000007
3 0.6174999999999999 0.7170829999999999 0.02375000000000005 0.02749999999999997
3 0.63125 0.37083350000000004 0.040000000000000036 0.048333000000000015
3 0.6459375 0.61625 0.02312499999999995 0.03249999999999997
3 0.678125 0.6495835 0.07499999999999996 0.06916699999999998
3 0.6628125 0.7445835000000001 0.018124999999999947 0.02083299999999999
3 0.710625 0.66875 0.03125 0.0625
3 0.7421875 0.66875 0.02937499999999993 0.06916599999999995
3 0.77625 0.6583330000000001 0.04125000000000001 0.03500000000000003
3 0.7696875000000001 0.7745835000000001 0.018125000000000058 0.019167000000000045
3 0.775 0.6825 0.028750000000000053 0.0483340000000001
3 0.7971874999999999 0.6858335 0.030625000000000013 0.04833299999999996
3 0.81125 0.6599999999999999 0.02375000000000005 0.04833399999999999
3 0.8259375 0.8020835 0.024375000000000036 0.025832999999999995
3 0.83 0.7058335 0.030000000000000027 0.05666700000000002
3 0.844375 0.6783335 0.040000000000000036 0.05666700000000002
3 0.85 0.584167 0.023749999999999938 0.04499999999999993
3 0.8868750000000001 0.7183335 0.02749999999999997 0.05166700000000002
3 0.891875 0.6841665 0.030000000000000027 0.03833299999999995
3 0.91125 0.725 0.03750000000000009 0.043333999999999984
3 0.9196875 0.6991665 0.023125000000000062 0.046667000000000014
3 0.950625 0.7429165 0.0412499999999999 0.06583300000000003
3 0.9590624999999999 0.7229165 0.02937500000000004 0.060833000000000026
3 0.98875 0.7324999999999999 0.02124999999999999 0.06500000000000006
