3 0.6646155 0.224199 0.10153900000000005 0.27758
3 0.0284615 0.6708185 0.056923 0.202847
3 0.09 0.2829185 0.18 0.28113900000000003
3 0.1823075 0.464413 0.06923099999999999 0.14590800000000004
3 0.2753845 0.108541 0.17538499999999999 0.188612
3 0.2815385 0.5053380000000001 0.16307699999999997 0.284698
3 0.2923075 0.580071 0.14461500000000002 0.327402
3 0.2976925 0.4128115 0.08461500000000005 0.17081900000000005
3 0.44461550000000005 0.36121000000000003 0.061539000000000066 0.13879000000000002
3 0.5115384999999999 0.1405695 0.161539 0.281139
3 0.6123080000000001 0.6263345 0.32615399999999994 0.5765129999999998
3 0.5523075 0.489324 0.14461499999999994 0.288256
3 0.8430770000000001 0.63879 0.12923000000000007 0.18149399999999993
3 0.8346149999999999 0.539146 0.09999999999999998 0.31672600000000006
3 0.9176925 0.6192175 0.1615390000000001 0.241993
