3 0.22781249999999997 0.8307185 0.061874999999999986 0.10239500000000001
3 0.0225 0.8170934999999999 0.045 0.2535089999999999
3 0.02125 0.469034 0.026250000000000002 0.03633399999999998
3 0.1015625 0.7844755 0.11312499999999999 0.24277499999999996
3 0.0546875 0.47522699999999996 0.014374999999999999 0.03385600000000005
3 0.11374999999999999 0.4459125 0.02624999999999998 0.037985000000000047
3 0.2346875 0.5392235 0.23187500000000003 0.12386500000000006
3 0.1690625 0.4413705 0.009374999999999994 0.018993000000000038
3 0.1840625 0.4397195 0.010624999999999996 0.018993000000000038
3 0.46625 0.71057 0.06125000000000003 0.13955399999999996
3 0.5856250000000001 0.679191 0.036250000000000004 0.05697799999999997
3 0.6378125 0.6180840000000001 0.078125 0.15441800000000006
