3 0.2453125 0.6631974999999999 0.026874999999999982 0.02414700000000003
3 0.273125 0.6273934999999999 0.04625000000000001 0.01915100000000003
3 0.28875 0.5957535 0.053749999999999964 0.014155000000000029
3 0.291875 0.566611 0.03749999999999998 0.017486
3 0.3075 0.541632 0.03500000000000003 0.015819999999999945
3 0.3215625 0.5120735000000001 0.060624999999999984 0.014986999999999973
3 0.34875 0.374688 0.07625000000000004 0.033306
3 0.3365625 0.44671099999999997 0.041874999999999996 0.022482000000000057
3 0.41781250000000003 0.39841800000000005 0.05687499999999995 0.032472
3 0.4840625 0.4121565 0.051875000000000004 0.046626999999999974
3 0.558125 0.453372 0.03500000000000003 0.025812
3 0.6328125 0.45961700000000005 0.05437500000000006 0.031639999999999946
3 0.7065625 0.470025 0.059374999999999956 0.030808000000000002
3 0.8303125 0.504996 0.06437500000000007 0.025812000000000113
3 0.8840625 0.529142 0.05812499999999998 0.025812000000000057
3 0.9578125 0.529559 0.048125000000000084 0.03663600000000011
