3 0.0265625 0.2579585 0.041875 0.030898999999999982
3 0.09812499999999999 0.831929 0.045 0.0271539999999999
3 0.12468749999999999 0.8169474999999999 0.03812499999999999 0.019663000000000097
3 0.141875 0.23548650000000002 0.036250000000000004 0.036516999999999966
3 0.26187499999999997 0.7851125 0.04124999999999998 0.025280999999999887
3 0.273125 0.218633 0.05125000000000002 0.04400799999999999
3 0.275625 0.8581465 0.04375000000000001 0.047752999999999934
3 0.32 0.7598315 0.04249999999999998 0.03651700000000002
3 0.323125 0.611423 0.04625000000000001 0.04681600000000008
3 0.3675 0.775749 0.04249999999999998 0.044007999999999936
3 0.39625 0.7392325 0.04375000000000001 0.03651700000000002
3 0.401875 0.20552399999999998 0.044999999999999984 0.06273399999999998
3 0.441875 0.7205055 0.04249999999999998 0.04213499999999992
3 0.464375 0.34737850000000003 0.04625000000000001 0.04868900000000004
3 0.49375 0.639045 0.04375000000000001 0.03277200000000002
3 0.494375 0.595974 0.04249999999999998 0.038389999999999924
3 0.50125 0.2312735 0.048750000000000016 0.058052999999999966
3 0.52 0.6858615 0.04749999999999993 0.042135000000000034
3 0.5431250000000001 0.5 0.04749999999999999 0.05805199999999999
3 0.57375 0.23735949999999997 0.04499999999999993 0.049624999999999975
3 0.625625 0.363764 0.04125000000000001 0.057116
3 0.63375 0.2560865 0.05249999999999999 0.042135000000000006
3 0.6481250000000001 0.4307115 0.04500000000000004 0.06179699999999999
3 0.660625 0.5959734999999999 0.04249999999999998 0.04213499999999992
3 0.6678124999999999 0.344569 0.04062500000000002 0.03370799999999996
3 0.676875 0.542603 0.0462499999999999 0.04588000000000003
3 0.68125 0.4021535 0.04249999999999998 0.03464500000000004
3 0.6896875 0.4536515 0.04062499999999991 0.038389000000000006
