3 0.054952499999999994 0.5878625 0.08548099999999999 0.10326100000000005
3 0.0230665 0.476449 0.046133 0.06159399999999993
3 0.044775999999999996 0.365036 0.035278 0.034420000000000006
3 0.08615999999999999 0.415761 0.050203999999999985 0.05253600000000003
3 0.0949795 0.3342395 0.024423000000000014 0.03079700000000002
3 0.1058345 0.402174 0.037991 0.03623199999999993
3 0.11736750000000001 0.425725 0.05020300000000001 0.036231999999999986
3 0.132293 0.4981884999999999 0.05834399999999999 0.04347899999999999
3 0.149932 0.5298915 0.085482 0.05978300000000003
3 0.131615 0.386775 0.037991999999999984 0.04529
3 0.4545455 0.38134049999999997 0.662143 0.34239099999999995
3 0.162822 0.5652170000000001 0.05427399999999999 0.03623199999999993
3 0.181818 0.5960145 0.07869799999999999 0.057970999999999995
3 0.18520999999999999 0.43568850000000003 0.061058 0.056159000000000014
3 0.2442335 0.5380434999999999 0.05156099999999997 0.04710099999999995
3 0.2489825 0.5751809999999999 0.055630999999999986 0.06340599999999996
3 0.3066485 0.592391 0.07598299999999997 0.09782599999999997
3 0.40230699999999997 0.719203 0.06648599999999999 0.14855000000000007
3 0.5624155 0.585145 0.03392099999999998 0.11231800000000003
3 0.782225 0.541667 0.10447800000000007 0.07970999999999995
3 0.766621 0.3695655 0.05427399999999993 0.050724999999999965
3 0.7862955 0.330616 0.07191300000000012 0.07065199999999999
3 0.8032564999999999 0.416667 0.04613299999999998 0.07246400000000003
3 0.843962 0.479167 0.07055599999999984 0.07065199999999999
3 0.8894165 0.45470999999999995 0.07734100000000022 0.06884000000000007
3 0.920624 0.412138 0.06377200000000016 0.07065200000000005
3 0.9654 0.668478 0.06648600000000005 0.12318800000000008
3 0.9694705 0.504529 0.05834500000000009 0.08876800000000001
3 0.9816825 0.3586955 0.03392100000000009 0.057970999999999995
3 0.9911805 0.453804 0.014925000000000077 0.05253600000000003
