1 0.098425 0.35 0.19685 0.10125
1 0.07217849999999999 0.9296875 0.14085699999999998 0.04062499999999991
1 0.0284335 0.0878125 0.016623 0.016875
1 0.0516185 0.7928124999999999 0.062993 0.07187500000000002
1 0.0800525 0.1978125 0.119861 0.09062500000000001
1 0.0564305 0.645 0.037621 0.03249999999999997
1 0.09492599999999998 0.54 0.08836399999999998 0.05999999999999994
1 0.1102365 0.4503125 0.09098900000000001 0.044375
1 0.093613 0.80125 0.04549399999999999 0.05125000000000002
1 0.135608 0.635 0.038496 0.03249999999999997
1 0.187664 0.7853125000000001 0.023622000000000004 0.04312499999999997
1 0.287839 0.20906249999999998 0.17147800000000002 0.09187500000000001
1 0.3000875 0.355 0.195975 0.11125000000000002
1 0.244532 0.8059375 0.03587000000000001 0.03937500000000005
1 0.2834645 0.6128125 0.08573900000000004 0.078125
1 0.2659665 0.8153125 0.02624700000000002 0.030624999999999902
1 0.27296549999999997 0.498125 0.038495 0.02749999999999997
1 0.2703415 0.928125 0.02624700000000002 0.023749999999999938
1 0.2716535 0.95375 0.018373000000000028 0.023749999999999938
1 0.3372705 0.7621875 0.03062100000000001 0.030625000000000013
1 0.33770750000000005 0.8178125 0.026246999999999965 0.02937500000000004
1 0.339895 0.9278124999999999 0.021872000000000003 0.020625000000000004
1 0.36745400000000006 0.9371875 0.01399800000000001 0.015625
1 0.485127 0.3978125 0.17060399999999998 0.05937500000000001
1 0.4982505 0.5190625 0.19160100000000002 0.09062499999999996
1 0.469816 0.9143749999999999 0.12423400000000001 0.11124999999999996
1 0.5078739999999999 0.075 0.17760199999999998 0.13125
1 0.4387575 0.799375 0.02887099999999998 0.03749999999999998
1 0.4689415 0.6434375 0.06999099999999997 0.05312500000000009
1 0.4663165 0.805625 0.026246999999999965 0.03249999999999997
1 0.506124 0.2096875 0.07611599999999996 0.05937500000000001
1 0.525809 0.7753125000000001 0.03149599999999997 0.030625000000000013
1 0.54112 0.815625 0.023622000000000032 0.028749999999999942
1 0.6566055 0.7725 0.10936099999999993 0.11249999999999993
1 0.7016625 0.5190625 0.195975 0.09437500000000004
1 0.7021 0.651875 0.19685000000000008 0.12124999999999997
1 0.6544179999999999 0.9290625 0.09098799999999996 0.09562500000000007
1 0.653106 0.34125 0.07436600000000004 0.06625000000000003
1 0.6749780000000001 0.21 0.10236199999999995 0.07
1 0.671041 0.3678125 0.019247999999999932 0.016874999999999973
1 0.7502185 0.8065625 0.10061300000000006 0.09937499999999999
1 0.7532805 0.09812499999999999 0.02624700000000002 0.0175
1 0.876203 0.1946875 0.15835599999999994 0.10062499999999999
1 0.8937010000000001 0.6487499999999999 0.18635199999999996 0.11750000000000005
1 0.885827 0.07312500000000001 0.16710400000000014 0.13125
1 0.8622045 0.78375 0.07611500000000015 0.07999999999999996
1 0.8972005000000001 0.9303125000000001 0.14085700000000012 0.07187500000000002
1 0.864392 0.5115625 0.03324599999999989 0.034375000000000044
1 0.9120735 0.38187499999999996 0.08661499999999989 0.065
1 0.9422570000000001 0.75125 0.0839899999999999 0.07374999999999998
1 0.9479440000000001 0.48750000000000004 0.0376200000000001 0.031250000000000056
