3 0.1171875 0.2026265 0.09937499999999999 0.09005700000000003
3 0.0715625 0.3545965 0.043125 0.07317100000000004
3 0.494375 0.521107 0.8887499999999999 0.42870600000000003
3 0.5046875 0.1693245 0.07437499999999997 0.06285100000000002
3 0.639375 0.26923050000000004 0.05125000000000002 0.07129500000000005
3 0.754375 0.26172650000000003 0.05125000000000002 0.075047
3 0.808125 0.24437149999999996 0.043749999999999956 0.06285099999999996
3 0.8878125 0.109756 0.06437500000000007 0.04878000000000002
3 0.905 0.22326450000000003 0.04500000000000004 0.06378900000000001
3 0.954375 0.23921199999999998 0.03874999999999995 0.07692399999999996
