1 0.15625 0.738743 0.3125 0.5206380000000002
1 0.40218750000000003 0.40712950000000003 0.03812500000000002 0.058161000000000074
1 0.414375 0.5792685 0.016249999999999987 0.030957000000000012
1 0.42593749999999997 0.251876 0.01687500000000003 0.023452
1 0.440625 0.5666045 0.036250000000000004 0.05628500000000003
1 0.563125 0.1622885 0.050000000000000044 0.07504699999999997
1 0.5956250000000001 0.7387429999999999 0.015000000000000013 0.023451999999999917
1 0.6778125 0.718105 0.07937499999999997 0.11538400000000004
1 0.699375 0.6561915 0.020000000000000018 0.03470899999999999
1 0.7903125 0.250469 0.16937500000000005 0.247654
1 0.8265625 0.5037525 0.07562500000000005 0.09943700000000005
1 0.905 0.216229 0.018750000000000044 0.029079999999999995
