3 0.3571875 0.767824 0.06687500000000002 0.08724200000000004
3 0.0534375 0.7279549999999999 0.06562499999999999 0.060037999999999925
3 0.0778125 0.7664165000000001 0.031875 0.07504699999999997
3 0.22375 0.771107 0.04000000000000001 0.07316999999999996
3 0.4621875 0.7757974999999999 0.060624999999999984 0.071295
3 0.518125 0.7373355 0.04124999999999995 0.07879900000000006
3 0.5646875 0.772045 0.03687499999999999 0.07879999999999998
3 0.6312500000000001 0.771107 0.03749999999999998 0.07316999999999996
3 0.6793750000000001 0.7471859999999999 0.061249999999999916 0.08724199999999993
3 0.6896875 0.7115385000000001 0.04312500000000008 0.04596699999999998
3 0.8018749999999999 0.7096625 0.057499999999999996 0.07223299999999999
3 0.8940625 0.7373355 0.06062499999999993 0.07879900000000006
