1 0.0053125 0.49435049999999997 0.010625 0.08286300000000002
1 0.03375 0.48163849999999997 0.06625 0.10075300000000004
1 0.0859375 0.5009415 0.07937499999999999 0.1205270000000001
1 0.15875 0.45668549999999997 0.10625000000000001 0.203389
1 0.1503125 0.282015 0.064375 0.11581999999999995
1 0.16 0.5296609999999999 0.05499999999999999 0.05367200000000005
1 0.18937500000000002 0.539548 0.016250000000000014 0.024482000000000115
1 0.218125 0.532015 0.06875 0.0583800000000001
1 0.2321875 0.47645950000000004 0.07937499999999997 0.15819300000000003
1 0.263125 0.5047085 0.04374999999999998 0.0960450000000001
1 0.31875 0.515537 0.09125 0.11770200000000003
1 0.339375 0.4218455 0.10875000000000001 0.23917100000000002
1 0.32125000000000004 0.0334275 0.07 0.066855
1 0.3840625 0.4863465 0.049375 0.12900099999999998
1 0.4303125 0.47787199999999996 0.070625 0.127118
1 0.499375 0.4350285 0.12125000000000008 0.22033899999999995
1 0.4621875 0.524953 0.03437499999999999 0.04802200000000001
1 0.52875 0.5386065 0.04500000000000004 0.048965000000000036
1 0.5525 0.5047079999999999 0.03875000000000006 0.08097999999999994
1 0.57875 0.473164 0.04499999999999993 0.11016999999999999
1 0.635 0.522128 0.14500000000000002 0.08568800000000004
1 0.6296875 0.455744 0.07937500000000008 0.09416199999999997
1 0.7250000000000001 0.5 0.09875 0.1073440000000001
1 0.8240624999999999 0.294727 0.13812499999999994 0.218456
1 0.81375 0.492938 0.06125000000000003 0.11393600000000004
1 0.909375 0.4392655 0.11875000000000002 0.191149
1 0.9559375 0.5028245 0.08687500000000004 0.08662900000000001
