3 0.0303125 0.29868300000000003 0.028124999999999997 0.027281999999999973
3 0.33218749999999997 0.5145815 0.03437499999999999 0.02634100000000006
3 0.4003125 0.583255 0.021874999999999978 0.016934000000000005
3 0.4084375 0.080903 0.020625000000000004 0.018813999999999997
3 0.44562500000000005 0.5771405000000001 0.03875000000000001 0.021637000000000017
3 0.5484374999999999 0.2587015 0.06062500000000004 0.016932999999999976
3 0.6371875 0.3005645 0.026874999999999982 0.023518999999999957
3 0.67875 0.2930385 0.015000000000000013 0.023519000000000012
3 0.6871875000000001 0.361712 0.026875000000000093 0.03292600000000001
3 0.7578125 0.18861699999999998 0.0318750000000001 0.02351800000000001
3 0.79875 0.4454375 0.04249999999999998 0.0310450000000001
3 0.8459375 0.467074 0.024375000000000036 0.03292600000000001
3 0.9084375 0.08842900000000001 0.028124999999999956 0.04327400000000002
