3 0.06125 0.46524550000000003 0.012500000000000004 0.014828999999999981
3 0.1278125 0.4643185000000001 0.010624999999999996 0.012975000000000014
3 0.18093749999999997 0.4592215 0.016875 0.012048999999999976
3 0.2271875 0.457368 0.016875 0.012048000000000059
3 0.240625 0.481001 0.010000000000000009 0.020389999999999964
3 0.28812499999999996 0.4555145 0.012500000000000011 0.008341000000000043
3 0.2996875 0.481928 0.010624999999999996 0.018535999999999997
3 0.3284375 0.45458750000000003 0.024375000000000036 0.01760900000000004
3 0.3425 0.480074 0.011250000000000038 0.007414000000000032
3 0.40093749999999995 0.44995399999999997 0.018125000000000002 0.012048000000000003
3 0.4009375 0.4847085 0.010624999999999996 0.012975000000000014
3 0.46499999999999997 0.4439295 0.012500000000000011 0.011120999999999992
3 0.4675 0.49536650000000004 0.007500000000000007 0.008340999999999987
3 0.5084375 0.496293 0.015625 0.01019399999999998
3 0.5065625 0.43929549999999995 0.009375000000000022 0.012975000000000014
3 0.5328124999999999 0.43188099999999996 0.010624999999999996 0.01668200000000003
3 0.551875 0.507878 0.012499999999999956 0.016681999999999975
3 0.5615625 0.43002799999999997 0.014375000000000027 0.016681999999999975
3 0.5925 0.511585 0.01375000000000004 0.009267999999999943
3 0.6121875 0.5180724999999999 0.013125000000000053 0.011121000000000048
3 0.65 0.523633 0.008750000000000036 0.011121999999999965
3 0.6915625000000001 0.529657 0.018125000000000058 0.015755999999999992
3 0.7178125 0.5403155 0.011874999999999969 0.012974999999999959
3 0.7525 0.5495829999999999 0.011250000000000093 0.02039000000000002
3 0.7946875 0.5579240000000001 0.016874999999999973 0.014827999999999952
3 0.8221875 0.5620945 0.015625 0.019463000000000008
3 0.8690625 0.5866545 0.014375000000000027 0.014828999999999981
3 0.9196875 0.5903615 0.015625 0.018534999999999968
3 0.9509375 0.6019460000000001 0.013125000000000053 0.021316
