3 0.2728125 0.5449999999999999 0.084375 0.11333399999999993
3 0.02625 0.0775 0.0525 0.05499999999999999
3 0.0984375 0.197917 0.09187500000000001 0.04749999999999999
3 0.0821875 0.45375 0.013124999999999998 0.015834000000000015
3 0.549375 0.3316665 0.69125 0.5183329999999999
3 0.26187499999999997 0.6670834999999999 0.07749999999999999 0.07416699999999998
3 0.480625 0.740417 0.08625000000000005 0.09250000000000003
3 0.6603125000000001 0.7679165 0.25187499999999996 0.18583299999999991
3 0.8921875 0.3679165 0.08562500000000006 0.08083299999999999
3 0.983125 0.380417 0.03249999999999997 0.08250000000000002
