3 0.723125 0.8487260000000001 0.09375 0.187898
3 0.016875 0.076433 0.03375 0.152866
3 0.0375 0.160828 0.075 0.20063599999999998
3 0.0775 0.11465 0.065 0.159236
3 0.12687500000000002 0.175159 0.11374999999999999 0.11465000000000003
3 0.13125 0.2707005 0.09249999999999999 0.18471300000000002
3 0.121875 0.121019 0.05875 0.08280200000000001
3 0.21937500000000001 0.09235650000000001 0.09625 0.140127
3 0.1875 0.1496815 0.025000000000000022 0.057325
3 0.219375 0.34394899999999995 0.07874999999999999 0.17197400000000002
3 0.235 0.1703825 0.08249999999999999 0.156051
3 0.355 0.2643315 0.15750000000000003 0.343949
3 0.5575 0.33121049999999996 0.36749999999999994 0.503185
3 0.66375 0.640127 0.07250000000000001 0.17834400000000006
3 0.8625 0.552548 0.2725000000000001 0.410828
3 0.930625 0.8869429999999999 0.10124999999999995 0.20700600000000002
3 0.961875 0.7261150000000001 0.07374999999999998 0.08917199999999992
