3 0.8447265 0.8566830000000001 0.0644530000000001 0.08695600000000003
3 0.4995115 0.675523 0.999023 0.136876
3 0.0419925 0.7657005 0.060547 0.059580999999999884
3 0.0849605 0.768116 0.033202999999999996 0.03220599999999996
3 0.154785 0.775362 0.04394600000000001 0.040257999999999905
3 0.228516 0.7552335 0.09375 0.06441299999999983
3 0.330566 0.7624795 0.10058600000000001 0.07890499999999989
3 0.45703099999999997 0.7729469999999999 0.08593800000000001 0.08695600000000003
3 0.560547 0.7552335 0.09960999999999998 0.06441299999999983
3 0.6582034999999999 0.8325279999999999 0.015625 0.045087999999999906
3 0.7392575 0.8276975 0.019530999999999965 0.03864699999999999
3 0.8212895 0.8341385 0.029297000000000017 0.061190999999999995
