3 0.037500000000000006 0.675422 0.058750000000000004 0.08067600000000008
3 0.193125 0.664165 0.08125000000000002 0.07879999999999998
3 0.21375 0.6172610000000001 0.08875 0.06941799999999987
3 0.336875 0.6346155 0.10875000000000001 0.08161300000000005
3 0.375625 0.6857409999999999 0.09000000000000002 0.07880000000000009
3 0.4096875 0.716229 0.11937500000000001 0.10225200000000001
3 0.44875 0.618668 0.05375000000000002 0.040337999999999985
3 0.4815625 0.60788 0.08562500000000006 0.08067600000000008
3 0.54375 0.6378984999999999 0.09750000000000003 0.071295
3 0.5506249999999999 0.6411819999999999 0.06999999999999995 0.055348000000000064
3 0.5715625 0.6810505 0.07937499999999997 0.07692299999999996
3 0.6653125 0.6575985 0.08687500000000004 0.08818100000000006
3 0.7909375000000001 0.630863 0.07187500000000002 0.06472800000000001
3 0.9565625 0.579737 0.073125 0.06754199999999999
