3 0.2746875 0.326923 0.05187499999999998 0.08911800000000003
3 0.0053125 0.25703600000000004 0.010625 0.02063799999999999
3 0.0290625 0.688086 0.058125 0.10600399999999999
3 0.4996875 0.6139775000000001 0.999375 0.11163299999999998
3 0.4996875 0.8658535 0.999375 0.2664170000000001
3 0.0334375 0.32223250000000003 0.026875 0.029080999999999968
3 0.075625 0.528143 0.04 0.04502799999999996
3 0.08531250000000001 0.41369599999999995 0.030625 0.046904
3 0.1378125 0.47514100000000004 0.089375 0.08911800000000009
3 0.11281250000000001 0.308161 0.024374999999999994 0.023451999999999973
3 0.1253125 0.335835 0.024375000000000008 0.04127599999999998
3 0.13718750000000002 0.5595684999999999 0.019375000000000003 0.030957000000000012
3 0.176875 0.5656665000000001 0.013749999999999984 0.033770999999999995
3 0.30375 0.588649 0.04749999999999999 0.038461999999999996
3 0.3528125 0.4849905 0.12562500000000004 0.07317100000000004
3 0.33187500000000003 0.2734525 0.03750000000000003 0.034709000000000045
3 0.4321875 0.5253285 0.03312499999999996 0.030019000000000018
3 0.46843749999999995 0.5666045 0.02812500000000001 0.05253300000000005
3 0.5940624999999999 0.488743 0.02312499999999995 0.033772000000000024
3 0.8684375 0.24906150000000002 0.01937500000000003 0.03283300000000006
3 0.9303125000000001 0.555816 0.083125 0.042213999999999974
