3 0.0853125 0.532833 0.074375 0.150094
3 0.23062500000000002 0.5060975 0.09375000000000003 0.14540299999999995
3 0.3021875 0.53424 0.13687499999999997 0.20168799999999998
3 0.30625 0.541745 0.0675 0.24484
3 0.364375 0.487336 0.06625000000000003 0.113508
3 0.3821875 0.5300185 0.07937499999999997 0.16322699999999996
3 0.53 0.5595685 0.15625 0.20356500000000005
3 0.513125 0.50985 0.08999999999999997 0.11163200000000001
3 0.5503125 0.5511255 0.08687500000000004 0.13977500000000004
3 0.6134375000000001 0.5295495 0.08062500000000006 0.11538500000000007
3 0.6875 0.5300185 0.05875000000000008 0.144465
3 0.8206249999999999 0.5590995 0.12 0.144465
3 0.874375 0.538931 0.03875000000000006 0.130394
3 0.9140625 0.5722324999999999 0.059374999999999956 0.05253300000000005
