3 0.094167 0.42000000000000004 0.08500000000000002 0.08666599999999997
3 0.2604165 0.32999999999999996 0.04916699999999999 0.07111200000000001
3 0.36625 0.273889 0.04749999999999999 0.08333400000000002
3 0.521667 0.266111 0.06 0.067778
3 0.55125 0.21222200000000002 0.019166000000000016 0.057778000000000024
3 0.5870835 0.36 0.06916699999999998 0.08000000000000002
3 0.640833 0.19 0.020000000000000018 0.06
3 0.700833 0.5366664999999999 0.07999999999999996 0.11111100000000007
3 0.791667 0.4222225 0.06000000000000005 0.10666700000000007
3 0.8041665 0.328889 0.06333300000000008 0.07333400000000001
3 0.9704165 0.368889 0.04416700000000007 0.04222199999999998
