3 0.499375 0.4839925 0.99875 0.967985
3 0.015625 0.0461395 0.018750000000000003 0.05838099999999999
3 0.07125000000000001 0.0659135 0.042499999999999996 0.037665000000000004
3 0.179375 0.0451975 0.023749999999999993 0.041430999999999996
3 0.445 0.034839999999999996 0.025000000000000022 0.035781999999999994
3 0.46375 0.0056495 0.022499999999999964 0.011299
3 0.55875 0.044256 0.030000000000000027 0.039547999999999986
3 0.66125 0.040489500000000005 0.03499999999999992 0.032015
3 0.764375 0.017890500000000004 0.028750000000000053 0.032015
3 0.966875 0.038606499999999995 0.02124999999999999 0.05084699999999999
