3 0.17125 0.09083350000000001 0.3425 0.161667
3 0.40125 0.2366665 0.030000000000000027 0.026666999999999996
3 0.405625 0.39166650000000003 0.026249999999999996 0.05333300000000002
3 0.473125 0.24083299999999996 0.026249999999999996 0.024999999999999994
3 0.63375 0.261667 0.025000000000000022 0.03
3 0.695625 0.241667 0.02124999999999999 0.03999999999999998
3 0.7525 0.2883335 0.032500000000000084 0.036667000000000005
3 0.776875 0.275833 0.026249999999999996 0.025000000000000022
3 0.889375 0.4141665 0.053749999999999964 0.04166700000000001
3 0.9275 0.31666700000000003 0.02750000000000008 0.019999999999999962
3 0.95875 0.28500000000000003 0.03499999999999992 0.026666000000000023
