3 0.31640650000000003 0.910156 0.10156300000000001 0.12031200000000009
3 0.009375 0.7078125 0.01875 0.021874999999999978
3 0.0203125 0.827344 0.040625 0.04531200000000002
3 0.0226565 0.7359375 0.045313 0.034375000000000044
3 0.028906499999999998 0.905469 0.057812999999999996 0.07031200000000015
3 0.0382815 0.8601565 0.076563 0.051562999999999914
3 0.01875 0.58125 0.025 0.025000000000000022
3 0.0742185 0.9453125 0.132813 0.10625099999999987
3 0.0507815 0.239844 0.064063 0.06406199999999998
3 0.034375 0.6218745 0.018749999999999996 0.02187500000000009
3 0.042969 0.696875 0.029687999999999996 0.04062600000000005
3 0.039843500000000004 0.5874995 0.017187 0.015625
3 0.0585935 0.453906 0.039063 0.026561999999999975
3 0.060156 0.515625 0.042188 0.04062399999999999
3 0.0617185 0.7382815 0.045313000000000006 0.04531300000000005
3 0.0710935 0.7570315000000001 0.060937 0.04531300000000005
3 0.060156 0.607031 0.017188000000000002 0.014062000000000019
3 0.0695315 0.7046874999999999 0.032813 0.04062500000000002
3 0.067969 0.614844 0.01718800000000001 0.014061999999999908
3 0.1 0.8421875 0.07500000000000001 0.078125
3 0.077344 0.6000005 0.017187999999999995 0.015625
3 0.0906245 0.6171875 0.021875000000000006 0.018748999999999905
3 0.09453149999999999 0.603906 0.023437 0.014061999999999908
3 0.1281255 0.9023439999999999 0.09062500000000001 0.09531200000000006
3 0.1445315 0.544531 0.117187 0.10781200000000002
3 0.10078100000000001 0.47031300000000004 0.023438 0.03125
3 0.1476565 0.8796879999999999 0.110937 0.07499999999999996
3 0.115625 0.9875 0.04375000000000001 0.021875999999999896
3 0.1226565 0.6265624999999999 0.039063000000000014 0.04062500000000002
3 0.14687499999999998 0.6203125 0.03437399999999999 0.024998999999999993
3 0.1664065 0.7710935 0.073437 0.06406299999999998
3 0.1609375 0.6773435 0.028124999999999983 0.03906300000000007
3 0.1695315 0.6460935 0.039063000000000014 0.02968700000000002
3 0.169531 0.7171875000000001 0.02968800000000002 0.04062500000000002
3 0.1968745 0.450781 0.06562500000000002 0.051562
3 0.224219 0.8093745000000001 0.10156200000000001 0.07812500000000011
3 0.20156249999999998 0.6890624999999999 0.053125000000000006 0.04062500000000002
3 0.19453150000000002 0.6109374999999999 0.020312999999999998 0.021874999999999978
3 0.20625 0.734375 0.04374999999999998 0.04687400000000008
3 0.2015625 0.636719 0.024998999999999993 0.029688000000000048
3 0.2156245 0.6085935 0.02812500000000001 0.035937
3 0.2890625 0.5859375 0.171875 0.18437499999999996
3 0.23828149999999998 0.9882815 0.03593699999999997 0.020312999999999914
3 0.2539065 0.41093749999999996 0.06093699999999999 0.04375100000000004
3 0.2609375 0.7226565 0.031251 0.042186999999999975
3 0.39375000000000004 0.509375 0.14375 0.050000000000000044
3 0.3515625 0.728125 0.04062500000000002 0.050000000000000044
3 0.37187499999999996 0.40937500000000004 0.04999999999999999 0.05937600000000004
3 0.36875 0.53125 0.03750000000000003 0.034373999999999905
3 0.37109349999999997 0.5976565 0.014062999999999992 0.020313000000000025
3 0.39687550000000005 0.645313 0.04062499999999997 0.018750000000000044
3 0.40156250000000004 0.5796875 0.03437499999999999 0.03749899999999995
3 0.41015650000000003 0.6242185 0.039063000000000014 0.051563000000000025
3 0.4164065 0.9859375 0.04843699999999995 0.02500099999999983
3 0.4367185 0.0328125 0.07343699999999997 0.065625
3 0.41875 0.5789059999999999 0.03125 0.02343799999999996
3 0.446875 0.3257815 0.08124999999999999 0.10468699999999997
3 0.4398435 0.584375 0.035937 0.02187399999999995
3 0.446094 0.6164065000000001 0.026561999999999975 0.02343700000000004
3 0.4539065 0.43593800000000005 0.029686999999999963 0.024999999999999967
3 0.4539065 0.444531 0.029686999999999963 0.014061999999999963
3 0.46875 0.46953100000000003 0.028123999999999927 0.023438000000000014
3 0.53125 0.540625 0.146876 0.09375
3 0.517969 0.49453099999999994 0.014062000000000019 0.023438000000000014
3 0.5375 0.648437 0.03125 0.03125
3 0.5414065 0.48828099999999997 0.02968700000000002 0.023438000000000014
3 0.578125 0.5726564999999999 0.050000000000000044 0.026563000000000003
3 0.613281 0.8828125 0.12031199999999997 0.09687500000000004
3 0.600781 0.952344 0.082812 0.09218799999999994
3 0.5859375 0.47578149999999997 0.04062499999999991 0.039063000000000014
3 0.6031249999999999 0.4125 0.05625000000000002 0.03125
3 0.6132815 0.616406 0.04531300000000005 0.026561999999999975
3 0.636719 0.477344 0.06406199999999995 0.04531199999999996
3 0.614063 0.08281250000000001 0.012499999999999956 0.034375
3 0.6265625 0.5328125 0.034375000000000044 0.028124999999999956
3 0.6320315000000001 0.582813 0.03906299999999996 0.018750000000000044
3 0.646094 0.660938 0.051562 0.050000000000000044
3 0.6625 0.4781255 0.04062600000000005 0.02812500000000001
3 0.6875 0.596875 0.071874 0.025000000000000022
3 0.6796875 0.5789065 0.049998999999999905 0.026563000000000003
3 0.689063 0.632031 0.043749999999999956 0.026561999999999975
3 0.6976565 0.5523435 0.03281299999999998 0.02968700000000002
3 0.7312505 0.4453125 0.06562500000000004 0.05000100000000007
3 0.7218745 0.4695315 0.028124999999999956 0.029686999999999963
3 0.7421875 0.49375 0.043751000000000095 0.018750000000000044
3 0.828125 0.9125 0.11250000000000004 0.11250000000000004
3 0.8367184999999999 0.44843750000000004 0.03906299999999996 0.03437499999999999
3 0.8843749999999999 0.557031 0.06874999999999998 0.04531199999999991
3 0.921875 0.350781 0.053125999999999785 0.057811999999999975
3 0.922656 0.4117185 0.03281200000000006 0.04531300000000005
3 0.9304685 0.484375 0.03906299999999985 0.04062399999999999
