3 0.064375 0.0833335 0.09625 0.109195
3 0.123125 0.574713 0.056249999999999994 0.03831399999999996
3 0.188125 0.6101535 0.008750000000000008 0.02107300000000001
3 0.206875 0.5153255 0.03125 0.022988999999999926
3 0.35 0.5450189999999999 0.08000000000000002 0.0823759999999999
3 0.421875 0.847701 0.028750000000000053 0.044061999999999824
3 0.43875 0.492337 0.03750000000000003 0.02298800000000001
3 0.451875 0.2136015 0.048750000000000016 0.059386999999999995
3 0.49 0.2806515 0.09749999999999998 0.063219
3 0.486875 0.5593870000000001 0.03874999999999995 0.015326000000000062
3 0.530625 0.38218399999999997 0.07374999999999998 0.04406199999999999
3 0.538125 0.821839 0.06625000000000003 0.06513400000000003
3 0.6425000000000001 0.8879309999999999 0.02749999999999997 0.03639799999999993
3 0.69625 0.8783525 0.05249999999999999 0.05172500000000002
3 0.7418750000000001 0.8678165 0.06625000000000003 0.072797
3 0.8143750000000001 0.9166665 0.026249999999999996 0.02107300000000023
