0 0.36624999999999996 0.595417 0.03375 0.022499999999999964
0 0.38656250000000003 0.4575 0.01687500000000003 0.010000000000000009
0 0.4134375 0.57375 0.02437499999999998 0.02083400000000002
0 0.4509375 0.4575 0.020625000000000004 0.013334000000000013
0 0.4690625 0.48 0.020625000000000004 0.010000000000000009
0 0.526875 0.552917 0.028750000000000053 0.012499999999999956
0 0.579375 0.620417 0.03374999999999995 0.02750000000000008
0 0.5771875 0.47208300000000003 0.015625 0.012500000000000011
0 0.6187499999999999 0.45416650000000003 0.016249999999999987 0.011667000000000038
0 0.6390625000000001 0.4620835 0.020625000000000004 0.014166999999999985
0 0.7503124999999999 0.5762499999999999 0.030625000000000013 0.01749999999999996
0 0.77625 0.5291665 0.03499999999999992 0.016666999999999987
0 0.8415625 0.55375 0.046875 0.025834000000000024
0 0.88375 0.5754165 0.04249999999999998 0.02416700000000005
0 0.98 0.61875 0.03875000000000006 0.02083400000000002
