3 0.02375 0.40083349999999995 0.0475 0.10666700000000001
3 0.0371875 0.6287499999999999 0.074375 0.12750000000000006
3 0.1915625 0.6475 0.205625 0.14833400000000008
3 0.19343749999999998 0.27208350000000003 0.05437499999999998 0.04083299999999995
3 0.3303125 0.5891665 0.168125 0.206667
3 0.4396875 0.5716665 0.13562499999999994 0.24166700000000002
3 0.4721875 0.57875 0.14187499999999997 0.23083399999999998
3 0.5259375 0.57875 0.14062499999999994 0.22749999999999998
3 0.5378125 0.2616665 0.055625000000000036 0.048333000000000015
3 0.6578124999999999 0.5675 0.145625 0.16333400000000003
3 0.6809375 0.7 0.18437499999999996 0.13333399999999995
3 0.7034374999999999 0.6370830000000001 0.17562500000000003 0.26250000000000007
3 0.6343749999999999 0.52 0.03500000000000003 0.061666
3 0.9025000000000001 0.69375 0.19374999999999998 0.17583400000000005
3 0.8996875 0.537917 0.17562500000000003 0.18749999999999994
3 0.9496875 0.545833 0.09937499999999999 0.24499999999999994
