3 0.0775 0.5662935 0.036250000000000004 0.021475000000000022
3 0.1 0.51634 0.05750000000000001 0.056022000000000016
3 0.2471875 0.5952379999999999 0.039374999999999966 0.05135400000000001
3 0.24531250000000002 0.5588235 0.033125000000000016 0.028945
3 0.264375 0.49439750000000005 0.05375000000000002 0.023342999999999947
3 0.27437500000000004 0.44491149999999996 0.044999999999999984 0.04014899999999999
3 0.339375 0.5728295 0.04999999999999999 0.04201699999999997
3 0.36 0.534547 0.04749999999999999 0.04948599999999992
3 0.416875 0.5550885 0.04625000000000001 0.04014899999999999
3 0.4734375 0.42343600000000003 0.06187500000000001 0.03454800000000008
3 0.4671875 0.486928 0.030624999999999958 0.05695600000000001
3 0.49187499999999995 0.5560225 0.04999999999999999 0.05322099999999996
3 0.541875 0.5625585 0.04249999999999998 0.04761899999999997
3 0.5718749999999999 0.5144725 0.04625000000000001 0.06349299999999997
3 0.5825 0.5406165 0.04625000000000001 0.022409000000000012
3 0.6387499999999999 0.5242765 0.036250000000000004 0.04388499999999995
3 0.6846875 0.544818 0.038124999999999964 0.04014999999999991
3 0.749375 0.4533145 0.05249999999999999 0.055089000000000055
3 0.8309375 0.47665749999999996 0.030624999999999902 0.04761900000000002
3 0.9178124999999999 0.41223200000000004 0.07187500000000002 0.05695600000000006
3 0.9121874999999999 0.529879 0.055624999999999925 0.043884000000000034
3 0.99 0.5392155 0.018750000000000044 0.04014899999999999
