3 0.54375 0.19124999999999998 0.10083400000000003 0.0925
3 0.0754165 0.46625000000000005 0.150833 0.5
3 0.1816665 0.64375 0.013333000000000012 0.010000000000000009
3 0.23583350000000003 0.2525 0.08833300000000002 0.05999999999999997
3 0.2604165 0.7887500000000001 0.04916699999999999 0.03749999999999998
3 0.25625 0.610625 0.025833999999999996 0.02124999999999999
3 0.28375 0.696875 0.012499999999999956 0.008750000000000036
3 0.36 0.60625 0.08833400000000002 0.08500000000000008
3 0.40375 0.16 0.124166 0.09999999999999999
3 0.3833335 0.6487499999999999 0.038333000000000006 0.04999999999999993
3 0.3904165 0.71625 0.04583300000000001 0.029999999999999916
3 0.42833299999999996 0.71625 0.09500000000000003 0.03500000000000003
3 0.46375 0.5687500000000001 0.04249999999999998 0.02749999999999997
3 0.5354165 0.65125 0.015832999999999986 0.010000000000000009
3 0.6979165 0.54875 0.155833 0.26999999999999996
3 0.65625 0.8374999999999999 0.02750000000000008 0.025000000000000022
3 0.7004165 0.225 0.060832999999999915 0.07500000000000001
3 0.821667 0.265625 0.125 0.04874999999999999
3 0.8929165 0.864375 0.02416700000000005 0.028750000000000053
