3 0.396432 0.5175000000000001 0.44400400000000007 0.26625
3 0.21060449999999997 0.3471875 0.040635000000000004 0.01687500000000003
3 0.302775 0.42656249999999996 0.18731400000000004 0.09062500000000001
3 0.3012885 0.204375 0.13478700000000002 0.07
3 0.6709609999999999 0.6231249999999999 0.14866199999999996 0.10750000000000004
3 0.696729 0.2540625 0.0495540000000001 0.015625000000000028
3 0.7185334999999999 0.5275 0.05946499999999999 0.05249999999999999
3 0.7428144999999999 0.221875 0.04856300000000002 0.022499999999999992
3 0.777998 0.5403125 0.04955399999999999 0.020625000000000004
3 0.7968284999999999 0.3953125 0.04360700000000006 0.016874999999999973
3 0.846878 0.6796875 0.07829599999999992 0.04937499999999995
3 0.851338 0.3984375 0.06541200000000003 0.016874999999999973
