3 0.888672 0.3951825 0.1074219999999999 0.14713500000000002
3 0.0405275 0.3652345 0.081055 0.128907
3 0.0478515 0.2604165 0.095703 0.10416700000000001
3 0.269043 0.49348949999999997 0.506836 0.3802089999999999
3 0.48584000000000005 0.33919299999999997 0.545898 0.308594
3 0.40185550000000003 0.6360675 0.11035099999999998 0.17317700000000003
3 0.4975585 0.652995 0.178711 0.282552
3 0.747559 0.188151 0.08691399999999994 0.16536399999999998
3 0.8115235 0.584635 0.19531299999999985 0.3125
3 0.8461915 0.284505 0.07128900000000005 0.11588599999999999
3 0.929199 0.5546875 0.139648 0.234375
