3 0.005 0.5166665 0.01 0.01333300000000004
3 0.059687500000000004 0.5216665 0.016875000000000008 0.016666999999999987
3 0.2090625 0.550833 0.013124999999999998 0.010000000000000009
3 0.2509375 0.5508335 0.014374999999999999 0.01333300000000004
3 0.2884375 0.55375 0.014375000000000027 0.015834000000000015
3 0.321875 0.5491665 0.011250000000000038 0.016666999999999987
3 0.3353125 0.5545835 0.018125000000000002 0.01416700000000004
3 0.3909375 0.5529165 0.015625 0.01416700000000004
3 0.436875 0.5587500000000001 0.013749999999999984 0.015834000000000015
3 0.511875 0.5562499999999999 0.020000000000000018 0.015834000000000015
3 0.5459375 0.562917 0.005624999999999991 0.01750000000000007
3 0.5525 0.5525 0.007500000000000062 0.010000000000000009
3 0.5653125 0.557917 0.013125000000000053 0.01750000000000007
3 0.6090625 0.5604169999999999 0.015625 0.012500000000000067
3 0.61375 0.5708335 0.013749999999999929 0.008332999999999924
3 0.7128125000000001 0.5595829999999999 0.020625000000000004 0.01749999999999996
3 0.7221875 0.5691665 0.016874999999999973 0.018332999999999933
3 0.7371875 0.5491665 0.015625 0.01333300000000004
3 0.7653125000000001 0.5675 0.020625000000000004 0.014999999999999902
3 0.8621875000000001 0.5666665 0.020625000000000004 0.013332999999999928
3 0.8809375 0.5820835 0.016874999999999973 0.01416700000000004
3 0.9121875 0.5579164999999999 0.016874999999999973 0.02083299999999999
