3 0.8943749999999999 0.11875000000000001 0.1725 0.225834
3 0.0225 0.3829165 0.045 0.07583300000000004
3 0.1171875 0.7941670000000001 0.095625 0.21499999999999997
3 0.206875 0.6954165 0.1175 0.1758329999999999
3 0.18375000000000002 0.7966664999999999 0.06625 0.04833300000000007
3 0.20656249999999998 0.5066665 0.05937499999999998 0.036667000000000005
3 0.266875 0.610833 0.06749999999999998 0.04500000000000004
3 0.29218750000000004 0.7408335 0.06562499999999999 0.046667000000000014
3 0.31343750000000004 0.442083 0.10312499999999997 0.12250000000000005
3 0.3121875 0.8233334999999999 0.06937499999999996 0.11166700000000007
3 0.35343749999999996 0.235 0.09062500000000001 0.10499999999999998
3 0.46125000000000005 0.5308335 0.14625000000000005 0.211667
3 0.5003124999999999 0.4095835 0.12812499999999993 0.12083299999999997
3 0.5065625 0.627083 0.135625 0.1775
3 0.65375 0.2220835 0.12 0.07916699999999999
3 0.6534375 0.0758335 0.09562500000000007 0.116667
3 0.745625 0.170417 0.08125000000000004 0.07250000000000001
3 0.7384375000000001 0.930417 0.04937500000000006 0.04249999999999998
3 0.8015625 0.88125 0.09312500000000001 0.124166
3 0.8534375000000001 0.42041700000000004 0.18062499999999992 0.28250000000000003
3 0.8946875000000001 0.2975 0.09312500000000001 0.11499999999999999
3 0.9259375000000001 0.8916665 0.020625000000000004 0.03833299999999995
3 0.9606250000000001 0.3366665 0.06999999999999995 0.10166700000000001
3 0.9625 0.5916669999999999 0.07374999999999998 0.14
