3 0.629248 0.43199350000000003 0.05973200000000001 0.08809900000000004
3 0.07981450000000001 0.3176195 0.050462999999999994 0.08809900000000004
3 0.069516 0.8477589999999999 0.019567999999999988 0.03245799999999999
3 0.1117405 0.2364765 0.03192500000000001 0.064915
3 0.11791950000000001 0.6901085 0.027806999999999985 0.02627500000000005
3 0.1277035 0.24652249999999998 0.02677699999999998 0.08191699999999999
3 0.137487 0.21947450000000002 0.04428399999999999 0.098919
3 0.1446965 0.11051 0.038105 0.12519399999999997
3 0.2409885 0.8346215 0.22657099999999997 0.10819099999999993
3 0.18795099999999998 0.698609 0.029865999999999976 0.040186000000000055
3 0.19361499999999998 0.7434315 0.03501600000000002 0.01854700000000009
3 0.23841400000000001 0.3647605 0.038106 0.095827
3 0.2899075 0.6924265000000001 0.027807000000000026 0.027820999999999985
3 0.307415 0.703246 0.02162799999999998 0.02472999999999992
3 0.3202885 0.691654 0.026776999999999995 0.029366000000000003
3 0.339341 0.698609 0.027805999999999997 0.03091199999999994
3 0.36663250000000003 0.9018550000000001 0.022656999999999983 0.0386399999999999
3 0.3815655 0.706337 0.0072089999999999654 0.015455999999999914
3 0.399073 0.38176200000000005 0.04222400000000004 0.10200999999999999
3 0.40525199999999995 0.909583 0.044283999999999935 0.03864000000000012
3 0.45468600000000003 0.8098920000000001 0.12873399999999996 0.15146800000000005
3 0.401648 0.7102010000000001 0.016477999999999993 0.023183999999999982
3 0.4248195 0.36553350000000007 0.038105000000000055 0.11901100000000003
3 0.45829049999999993 0.9157649999999999 0.037075000000000025 0.03554799999999991
3 0.5041195 0.6924265000000001 0.04840300000000003 0.05564099999999994
3 0.593718 0.7364765 0.07723999999999998 0.07264300000000001
3 0.6606595 0.718702 0.021626999999999952 0.03709399999999996
3 0.6925844999999999 0.256569 0.038104999999999944 0.08346200000000001
3 0.7708545 0.42194750000000003 0.052522999999999875 0.08037100000000003
3 0.77034 0.8709425 0.020598000000000116 0.03554899999999994
3 0.8161684999999999 0.489181 0.038104999999999944 0.06645999999999996
3 0.8450055000000001 0.6151470000000001 0.038104999999999944 0.052549999999999986
3 0.868177 0.969088 0.028835999999999973 0.040185999999999944
3 0.875901 0.8871715 0.01956800000000003 0.034002999999999894
3 0.9418124999999999 0.8616695 0.03192500000000009 0.047913000000000094
