3 0.861875 0.40125 0.09375 0.08250000000000002
3 0.096875 0.54125 0.03125 0.09250000000000003
3 0.18125000000000002 0.52 0.04000000000000001 0.10833399999999999
3 0.251875 0.505 0.05625000000000002 0.065
3 0.289375 0.05875 0.08249999999999999 0.1175
3 0.41000000000000003 0.48833350000000003 0.034999999999999976 0.05166700000000002
3 0.45718749999999997 0.475 0.06187499999999996 0.05666600000000005
3 0.47875 0.774583 0.044999999999999984 0.0675
3 0.4896875 0.41041649999999996 0.020625000000000004 0.024166999999999994
3 0.5237499999999999 0.4679165 0.04250000000000009 0.035833000000000004
3 0.600625 0.4404165 0.03125 0.08083299999999999
3 0.6459375 0.310417 0.015625 0.02749999999999997
3 0.7525 0.4191665 0.03500000000000003 0.06833299999999998
3 0.7896875 0.41375 0.01187500000000008 0.014166000000000012
3 0.81375 0.3070835 0.010000000000000009 0.01416700000000004
