3 0.569375 0.7954969999999999 0.07999999999999996 0.1313319999999999
3 0.4996875 0.49953100000000006 0.999375 0.9990620000000001
3 0.041875 0.1894935 0.045 0.10506500000000002
3 0.0675 0.943246 0.08375 0.09099400000000002
3 0.095 0.208724 0.08000000000000002 0.04409000000000002
3 0.0803125 0.269231 0.04437499999999999 0.10318999999999998
3 0.11125000000000002 0.8780485 0.05500000000000001 0.09756100000000012
3 0.19374999999999998 0.2926825 0.05374999999999999 0.07692299999999996
3 0.2025 0.172139 0.04374999999999998 0.10600399999999999
3 0.2496875 0.0628515 0.07562499999999997 0.078799
3 0.246875 0.7847095 0.03500000000000003 0.0966229999999999
3 0.39468749999999997 0.19699849999999997 0.18187499999999995 0.16322699999999998
3 0.3778125 0.7654785000000001 0.078125 0.099437
3 0.3840625 0.3011255 0.06562499999999999 0.05628500000000003
3 0.4153125 0.09333949999999999 0.04812500000000003 0.08348899999999998
3 0.44625000000000004 0.9385555000000001 0.09249999999999997 0.11913699999999994
3 0.4496875 0.836773 0.08187499999999998 0.08817999999999993
3 0.451875 0.7007505 0.03999999999999998 0.07504699999999997
3 0.4884375 0.7673544999999999 0.030625000000000013 0.10318899999999986
3 0.4953125 0.09052550000000001 0.041874999999999996 0.10412700000000003
3 0.5349999999999999 0.174015 0.057499999999999996 0.059099999999999986
3 0.56375 0.2415575 0.053749999999999964 0.117261
3 0.71375 0.1885555 0.06624999999999992 0.099437
3 0.7190624999999999 0.0375235 0.06187500000000001 0.075047
3 0.7453125 0.7575045 0.078125 0.10037499999999999
3 0.8184375 0.7725139999999999 0.06812499999999999 0.10975600000000008
3 0.8940625 0.9840525 0.03187499999999999 0.03001900000000013
3 0.9321875 0.801126 0.083125 0.08255200000000007
3 0.9609375 0.672139 0.07687500000000003 0.13602199999999998
