3 0.0465625 0.3005635 0.05312499999999999 0.03256100000000001
3 0.060937500000000006 0.4408265 0.044375000000000005 0.023794999999999955
3 0.0875 0.561365 0.052500000000000005 0.025673999999999975
3 0.110625 0.4195365 0.05499999999999999 0.01878500000000005
3 0.1896875 0.6142764999999999 0.06312500000000001 0.01878499999999994
3 0.1821875 0.2927365 0.04062500000000002 0.030683000000000016
3 0.1959375 0.617721 0.040624999999999994 0.015654000000000057
3 0.22125 0.47589249999999994 0.05125000000000002 0.025046999999999986
3 0.246875 0.7072635 0.033749999999999974 0.016907000000000005
3 0.349375 0.6715715 0.03375 0.024421000000000026
3 0.390625 0.219474 0.043749999999999956 0.030682000000000015
3 0.40125 0.6133375 0.050000000000000044 0.020662999999999876
3 0.4890625 0.62273 0.04062500000000002 0.015653999999999946
3 0.5140625 0.3503445 0.06312500000000004 0.015654999999999974
3 0.510625 0.2110205 0.04249999999999998 0.027550999999999992
3 0.5349999999999999 0.4877895 0.03749999999999998 0.02755099999999988
3 0.5625 0.5272384999999999 0.03750000000000009 0.013774999999999982
3 0.609375 0.3725735 0.05624999999999991 0.02003699999999997
3 0.6100000000000001 0.171572 0.04749999999999999 0.02755200000000002
3 0.68 0.44521 0.04125000000000001 0.01502799999999993
3 0.7150000000000001 0.430495 0.036250000000000004 0.020664000000000016
3 0.7490625 0.269255 0.04937500000000006 0.013775999999999955
