3 0.86625 0.4666665 0.21250000000000002 0.32333300000000004
3 0.1321875 0.404583 0.130625 0.21750000000000003
3 0.1978125 0.4604165 0.176875 0.27416700000000005
3 0.2596875 0.63375 0.25187499999999996 0.350834
3 0.43125 0.0825 0.22750000000000004 0.165
3 0.4009375 0.415 0.09687500000000004 0.245
3 0.5134375 0.44499999999999995 0.13687500000000002 0.246666
3 0.6840625 0.56375 0.21687499999999993 0.274166
3 0.746875 0.38916700000000004 0.23875000000000002 0.175
3 0.8153125 0.1970835 0.3343750000000001 0.394167
