3 0.7170835 0.713125 0.08583300000000005 0.06624999999999992
3 0.21291700000000002 0.22375 0.04250000000000001 0.04625000000000001
3 0.25375000000000003 0.19687500000000002 0.02916599999999997 0.0325
3 0.3166665 0.4340625 0.031667 0.03937499999999999
3 0.3504165 0.4646875 0.095833 0.104375
3 0.325417 0.17531249999999998 0.02749999999999997 0.040624999999999994
3 0.417917 0.24375 0.05250000000000005 0.023749999999999993
3 0.4795835 0.28031249999999996 0.02083299999999999 0.03937499999999999
3 0.5191665 0.28218750000000004 0.036667000000000005 0.029374999999999984
3 0.54 0.0890625 0.036665999999999976 0.03937499999999999
3 0.665 0.18062499999999998 0.11833400000000005 0.13999999999999999
3 0.6229165 0.26937500000000003 0.025832999999999995 0.03750000000000003
3 0.755 0.13 0.030000000000000027 0.042499999999999996
3 0.78375 0.2009375 0.04583400000000004 0.044375
3 0.8175 0.681875 0.03666600000000009 0.050000000000000044
3 0.880417 0.6759375000000001 0.05750000000000011 0.04437499999999994
3 0.9391665 0.6603125 0.043333000000000066 0.04812499999999997
