3 0.0053125 0.066111 0.010625 0.08333399999999999
3 0.0278125 0.9705554999999999 0.055625 0.05666700000000002
3 0.0584375 0.8705555 0.116875 0.13444500000000015
3 0.073125 0.379444 0.14625 0.47
3 0.1321875 0.2133335 0.264375 0.19555500000000003
3 0.14125 0.042778 0.16874999999999998 0.085556
3 0.21875 0.8505555 0.31125 0.2966669999999999
3 0.2321875 0.412222 0.22812500000000002 0.257778
3 0.29875 0.062222 0.15125000000000002 0.124444
3 0.45062500000000005 0.24388900000000002 0.2525 0.34333400000000003
3 0.44437499999999996 0.9383334999999999 0.10625000000000001 0.12111099999999986
3 0.5034375 0.8383335 0.08312500000000006 0.13444499999999993
3 0.5809375 0.9166665 0.22312500000000002 0.16444499999999984
3 0.57125 0.6866665000000001 0.16500000000000004 0.24666700000000008
3 0.620625 0.1316665 0.20750000000000002 0.263333
3 0.7184375000000001 0.655 0.395625 0.33666599999999997
3 0.5834375 0.8394445 0.1206250000000001 0.06777699999999998
3 0.604375 0.568333 0.15500000000000003 0.15000000000000008
3 0.683125 0.121111 0.31000000000000005 0.242222
3 0.7384375 0.408889 0.171875 0.27777799999999997
3 0.8821875 0.9672224999999999 0.234375 0.06333299999999997
3 0.8984375 0.335 0.10812500000000003 0.307778
3 0.9334375 0.2383335 0.13187499999999996 0.24111100000000002
3 0.9840625000000001 0.4144445 0.030625000000000013 0.08888900000000005
