3 0.27156250000000004 0.5830995 0.10062500000000002 0.20074699999999995
3 0.0453125 0.5396825000000001 0.068125 0.15686300000000003
3 0.18625 0.4061625 0.08875 0.070961
3 0.17031249999999998 0.19374400000000003 0.03812499999999999 0.043884000000000006
3 0.236875 0.315126 0.012500000000000011 0.03454799999999997
3 0.2809375 0.31232499999999996 0.011874999999999969 0.02521000000000001
3 0.3809375 0.035014 0.083125 0.036414
3 0.42374999999999996 0.5452845 0.09500000000000003 0.149393
3 0.4315625 0.5807654999999999 0.08437499999999998 0.143791
3 0.5040625000000001 0.5555555 0.08062500000000006 0.132587
3 0.555625 0.053221000000000004 0.10750000000000004 0.057890000000000004
3 0.5534375 0.2497665 0.028124999999999956 0.04014899999999999
3 0.6481250000000001 0.5434174999999999 0.04625000000000001 0.138189
3 0.6737500000000001 0.5653595 0.06625000000000003 0.16339900000000002
3 0.7815624999999999 0.545285 0.07937500000000008 0.153128
3 0.90375 0.550887 0.06999999999999995 0.14939400000000008
3 0.9762500000000001 0.548086 0.04625000000000001 0.056022000000000016
