3 0.036513000000000004 0.30625 0.025658000000000004 0.024999999999999967
3 0.143092 0.2659375 0.02302599999999999 0.026874999999999982
3 0.145066 0.670625 0.012500000000000011 0.01375000000000004
3 0.1572365 0.663125 0.005263000000000018 0.012500000000000067
3 0.169079 0.6546875000000001 0.01052599999999998 0.011874999999999969
3 0.1782895 0.6468750000000001 0.010527000000000009 0.01375000000000004
3 0.18980249999999999 0.6359375 0.016447000000000017 0.011874999999999969
3 0.19868400000000003 0.2728125 0.02368400000000001 0.030625000000000013
3 0.20032899999999998 0.5925 0.012499999999999983 0.01375000000000004
3 0.21578950000000002 0.611875 0.010527000000000009 0.008749999999999925
3 0.23223699999999997 0.62125 0.010526000000000008 0.010000000000000009
3 0.24375 0.6103125 0.016447999999999963 0.011874999999999969
3 0.255263 0.3259375 0.02894800000000003 0.03437499999999999
3 0.2592105 0.2965625 0.028947000000000056 0.030625000000000013
3 0.257237 0.568125 0.014473999999999987 0.013749999999999929
3 0.28881599999999996 0.628125 0.015790000000000026 0.010000000000000009
3 0.2921055 0.5690625 0.01973699999999995 0.011874999999999969
3 0.3101975 0.628125 0.016447000000000045 0.01375000000000004
3 0.3273025 0.41031249999999997 0.021711000000000036 0.025624999999999953
3 0.32467100000000004 0.5778125000000001 0.012500000000000011 0.011874999999999969
3 0.32664499999999996 0.6240625 0.012500000000000011 0.011874999999999969
3 0.3516445 0.6134375 0.008552999999999977 0.015625
3 0.36875 0.4565625 0.025658000000000014 0.015625
3 0.3697365 0.6134375000000001 0.005262999999999962 0.011874999999999969
3 0.375 0.5821875 0.01578999999999997 0.0068749999999999645
3 0.375 0.584375 0.013158000000000003 0.008750000000000036
3 0.380263 0.6125 0.009209999999999996 0.01375000000000004
3 0.388487 0.5053125 0.013815999999999995 0.01687500000000003
3 0.394079 0.6084375 0.010526000000000035 0.011874999999999969
3 0.4029605 0.553125 0.017762999999999973 0.010000000000000009
3 0.42796049999999997 0.5740624999999999 0.02171099999999998 0.011874999999999969
3 0.431579 0.506875 0.014473999999999987 0.01375000000000004
3 0.4407895 0.5393749999999999 0.010526999999999953 0.01375000000000004
3 0.4516445 0.546875 0.01776300000000003 0.014999999999999902
3 0.4549345 0.5093749999999999 0.01776300000000003 0.015000000000000013
3 0.4575655 0.5359375 0.01644699999999999 0.010624999999999996
3 0.47039450000000005 0.568125 0.01973699999999995 0.013749999999999929
3 0.4756575 0.5118750000000001 0.019737000000000005 0.01749999999999996
