3 0.2796875 0.55 0.021875000000000033 0.020000000000000018
3 0.3003125 0.569583 0.03437499999999999 0.012500000000000067
3 0.354375 0.5670835000000001 0.03500000000000003 0.01416699999999993
3 0.3934375 0.5595835 0.01937500000000003 0.015832999999999986
3 0.423125 0.59875 0.009999999999999953 0.025833999999999913
3 0.44218749999999996 0.5525 0.02437499999999998 0.018334000000000072
3 0.45218749999999996 0.5758335 0.026875000000000038 0.016666999999999987
3 0.4653125 0.578333 0.02437499999999998 0.015000000000000013
3 0.4921875 0.5491665 0.028124999999999956 0.018332999999999933
3 0.5359375 0.4845835 0.018125000000000058 0.02416700000000005
3 0.56375 0.5870835 0.040000000000000036 0.025832999999999995
3 0.5762499999999999 0.5483335 0.036250000000000004 0.01333300000000004
3 0.6012500000000001 0.5729165 0.032500000000000084 0.025832999999999995
3 0.6175 0.604167 0.010000000000000009 0.030000000000000027
3 0.6315625 0.5295829999999999 0.02312499999999995 0.02749999999999997
3 0.6703125000000001 0.5979165 0.04062500000000002 0.029167000000000054
3 0.6709375 0.56875 0.021874999999999978 0.02083400000000002
3 0.7046875 0.6066670000000001 0.016874999999999973 0.03500000000000003
3 0.7121875 0.5604165 0.026874999999999982 0.01416700000000004
3 0.7221875 0.58375 0.018124999999999947 0.025834000000000024
3 0.7434375 0.61375 0.011874999999999969 0.02083400000000002
3 0.7731250000000001 0.54375 0.03749999999999998 0.015834000000000015
3 0.7834375 0.59375 0.016874999999999973 0.022499999999999964
