3 0.12346249999999999 0.0765625 0.12204299999999998 0.05437499999999999
3 0.100284 0.390625 0.05676400000000001 0.03374999999999995
3 0.12393599999999999 0.45718749999999997 0.09839199999999998 0.03437499999999999
3 0.257805 0.4240625 0.10312199999999996 0.03562500000000002
3 0.27388799999999996 0.3121875 0.02554400000000001 0.020625000000000004
3 0.383633 0.05 0.15231800000000006 0.09375
3 0.33301800000000004 0.3128125 0.026489999999999958 0.02562500000000001
3 0.359981 0.2728125 0.05960199999999999 0.026874999999999982
3 0.371807 0.420625 0.030274000000000023 0.03624999999999995
3 0.40444650000000004 0.2890625 0.01797500000000002 0.021874999999999978
3 0.498581 0.1359375 0.12488200000000005 0.044374999999999984
3 0.577578 0.09 0.03311200000000003 0.0175
3 0.629139 0.2096875 0.022706000000000115 0.020625000000000004
3 0.666509 0.2175 0.016083999999999987 0.01874999999999999
3 0.691107 0.4378125 0.05960199999999993 0.021874999999999978
3 0.78193 0.1165625 0.09555400000000003 0.029375000000000012
