3 0.36031250000000004 0.485 0.08187499999999998 0.11222199999999999
3 0.03 0.5477780000000001 0.06 0.09777800000000003
3 0.0421875 0.9633335000000001 0.06937499999999999 0.07111099999999981
3 0.1203125 0.49888849999999996 0.081875 0.10888900000000001
3 0.2265625 0.181667 0.02812500000000001 0.04777799999999999
3 0.3346875 0.9494445 0.075625 0.0988889999999999
3 0.43656249999999996 0.986111 0.02812500000000001 0.025555999999999912
3 0.4525 0.262222 0.05499999999999999 0.055555999999999967
3 0.5115624999999999 0.8227775 0.083125 0.06333300000000008
3 0.515 0.24833299999999997 0.05624999999999997 0.02777799999999994
3 0.57125 0.517222 0.05625000000000002 0.11444399999999993
3 0.6799999999999999 0.925 0.06375000000000008 0.1055560000000001
3 0.768125 0.5011110000000001 0.0525000000000001 0.09555600000000009
3 0.811875 0.19722250000000002 0.04875000000000007 0.056666999999999995
