3 0.2565625 0.5355030000000001 0.05437500000000001 0.088758
3 0.0559375 0.8325445 0.024375000000000008 0.07218899999999995
3 0.0821875 0.7911239999999999 0.025624999999999995 0.029586
3 0.2125 0.37633099999999997 0.05249999999999999 0.033136
3 0.259375 0.1325445 0.05374999999999999 0.056804999999999994
3 0.2878125 0.904142 0.03437499999999999 0.030770000000000075
3 0.349375 0.76213 0.08625 0.09704199999999996
3 0.3346875 0.789941 0.043125000000000024 0.07455600000000007
3 0.5115625 0.8491124999999999 0.02812500000000001 0.048520999999999925
3 0.584375 0.8076924999999999 0.15874999999999995 0.13609499999999997
3 0.6940625 0.031952499999999995 0.078125 0.06390499999999999
3 0.6909375 0.5343195000000001 0.06687500000000002 0.05798899999999996
3 0.801875 0.154438 0.040000000000000036 0.04615400000000003
3 0.8959375 0.853846 0.04062500000000002 0.05325399999999991
3 0.9665625 0.842012 0.02562500000000001 0.05325399999999991
