3 0.745 0.0694185 0.07250000000000001 0.101313
3 0.028125 0.7115385000000001 0.05625 0.07223299999999999
3 0.03875 0.33114450000000006 0.0775 0.080675
3 0.06375 0.7223265 0.06625 0.06754299999999991
3 0.139375 0.7345215 0.05875000000000001 0.08067499999999994
3 0.1746875 0.75 0.073125 0.08911800000000003
3 0.271875 0.7354594999999999 0.06249999999999997 0.05628500000000003
3 0.2878125 0.416979 0.07437500000000002 0.10787999999999998
3 0.424375 0.7448405 0.07250000000000001 0.07129499999999989
3 0.424375 0.5 0.0625 0.10318999999999995
3 0.473125 0.7213885 0.06000000000000005 0.07317099999999999
3 0.5590625 0.6923075000000001 0.034375000000000044 0.05816100000000002
3 0.5921875 0.48968100000000003 0.08812500000000001 0.09380800000000006
3 0.6134375000000001 0.74015 0.07187500000000002 0.06941799999999998
3 0.611875 0.3433395 0.05625000000000002 0.07879900000000001
3 0.9109375 0.7514075 0.078125 0.07504700000000009
3 0.9099999999999999 0.32973700000000006 0.05999999999999994 0.04409000000000002
3 0.9459375 0.37570349999999997 0.08062499999999995 0.10600300000000001
3 0.9721875 0.7467165 0.05437500000000006 0.07879900000000006
