3 0.0690625 0.504695 0.021875 0.04037600000000002
3 0.13218749999999999 0.503756 0.023124999999999993 0.030985999999999958
3 0.18937500000000002 0.4906105 0.018750000000000017 0.042252999999999985
3 0.2496875 0.4821595 0.021875000000000006 0.04037499999999994
3 0.3578125 0.5028170000000001 0.020625000000000004 0.04037600000000008
3 0.4346875 0.501878 0.023125000000000007 0.042254000000000014
3 0.5084375 0.495305 0.021875000000000033 0.04037599999999997
3 0.5718749999999999 0.491549 0.015000000000000013 0.04037600000000002
3 0.6353125 0.486385 0.02312499999999995 0.04319200000000001
3 0.71375 0.49812199999999995 0.023749999999999938 0.04225399999999996
3 0.81 0.4258215 0.01749999999999996 0.03661900000000007
3 0.8503125 0.48262900000000003 0.026874999999999982 0.05070399999999997
3 0.8896875 0.5525819999999999 0.018125000000000058 0.04413199999999995
