3 0.88375 0.8145835 0.15875000000000006 0.11583300000000007
3 0.034999999999999996 0.39958299999999997 0.0475 0.0625
3 0.1403125 0.394583 0.049375 0.07249999999999995
3 0.23593750000000002 0.398333 0.05687500000000004 0.050000000000000044
3 0.3678125 0.38125 0.049375 0.07083400000000001
3 0.45375 0.39625 0.04749999999999999 0.06916599999999995
3 0.5640624999999999 0.3925 0.051875000000000004 0.061666
3 0.6453125 0.3854165 0.04937500000000006 0.06916699999999998
3 0.7578125 0.382083 0.046875 0.07250000000000001
3 0.88625 0.36583350000000003 0.050000000000000044 0.11833299999999997
3 0.9853125 0.386667 0.028125000000000067 0.06
