3 0.075899 0.555921 0.059712 0.164474
3 0.160072 0.5416665 0.03525199999999998 0.135965
3 0.30719450000000004 0.5438594999999999 0.03597100000000003 0.140351
3 0.361151 0.5164475 0.10791399999999995 0.243421
3 0.45719449999999995 0.5285085 0.048200999999999994 0.14912299999999995
3 0.4744605 0.3629385 0.03381299999999998 0.09429900000000002
3 0.626259 0.486842 0.04676199999999997 0.08333400000000002
3 0.6899280000000001 0.6392545000000001 0.04460399999999998 0.16008699999999998
3 0.867266 0.631579 0.052518000000000065 0.17543799999999998
3 0.8949639999999999 0.680921 0.03884799999999988 0.19517600000000002
3 0.9593524999999999 0.6557014999999999 0.05395700000000003 0.184211
