3 0.0115625 0.8469869999999999 0.023125 0.04613999999999996
3 0.4996875 0.499529 0.999375 0.999058
3 0.01 0.9086624999999999 0.015000000000000001 0.022599000000000147
3 0.0165625 0.9792845 0.025625 0.02824899999999997
3 0.0196875 0.8036719999999999 0.021875 0.029189999999999938
3 0.06125 0.7909605 0.019999999999999997 0.022599000000000147
3 0.0884375 0.376648 0.02562500000000001 0.028247999999999995
3 0.0878125 0.792844 0.021875000000000006 0.015066000000000024
3 0.0934375 0.7010354999999999 0.02062499999999999 0.032957000000000014
3 0.09593750000000001 0.658663 0.023124999999999993 0.021657999999999955
3 0.10875 0.3309795 0.01999999999999999 0.02730699999999997
3 0.11125 0.3022595 0.022499999999999992 0.022599000000000036
3 0.110625 0.8799435 0.01625 0.04613899999999993
3 0.11906249999999999 0.836629 0.02062499999999999 0.03672399999999998
3 0.12406249999999999 0.7142185 0.02062499999999999 0.040489
3 0.15531250000000002 0.8130885000000001 0.02687500000000001 0.021656999999999926
3 0.1540625 0.738701 0.019375000000000003 0.03483999999999998
3 0.1821875 0.7763655 0.021874999999999978 0.04802300000000004
3 0.18937500000000002 0.8281544999999999 0.01999999999999999 0.01789099999999999
3 0.1984375 0.1789075 0.028124999999999983 0.026365
3 0.2190625 0.8149715 0.020625000000000004 0.021656999999999926
3 0.2265625 0.8709979999999999 0.015625 0.020715999999999957
3 0.2459375 0.7956685 0.018125000000000002 0.016949000000000103
3 0.2553125 0.7627120000000001 0.019375000000000003 0.024482000000000004
3 0.26125 0.869115 0.017500000000000016 0.013182000000000027
3 0.263125 0.8258005 0.02124999999999999 0.026364999999999972
3 0.2759375 0.7349345 0.021874999999999978 0.02730699999999997
3 0.3503125 0.8921844999999999 0.021875000000000033 0.025422999999999973
3 0.40531249999999996 0.2095105 0.02437499999999998 0.023541000000000006
3 0.4096875 0.8611115 0.018125000000000002 0.01789099999999999
3 0.4271875 0.8177965 0.016874999999999973 0.016006999999999993
3 0.470625 0.769774 0.02124999999999999 0.031074000000000046
3 0.5340625000000001 0.8940679999999999 0.020625000000000004 0.025424000000000002
3 0.6246875000000001 0.9665725000000001 0.011874999999999969 0.025422999999999973
3 0.725 0.9143125000000001 0.020000000000000018 0.022599000000000147
3 0.8909374999999999 0.20480199999999998 0.021874999999999978 0.025423999999999974
3 0.8946875000000001 0.9392655000000001 0.021874999999999978 0.03860699999999995
3 0.929375 0.9778715 0.02124999999999999 0.02730699999999997
