3 0.018125 0.9559605 0.03625 0.03647699999999998
3 0.0875 0.925712 0.06124999999999999 0.0489320000000002
3 0.168125 0.5782915 0.16624999999999995 0.135231
3 0.1490625 0.8536475000000001 0.030624999999999986 0.03647699999999998
3 0.193125 0.7709075 0.06 0.041814999999999936
3 0.1796875 0.8741105 0.030625000000000013 0.04715300000000011
3 0.2340625 0.1854985 0.08562499999999998 0.08629899999999999
3 0.29625 0.4435055 0.036250000000000004 0.06850499999999998
3 0.2978125 0.8420814999999999 0.030625000000000013 0.041814999999999936
3 0.32 0.8403025 0.04249999999999998 0.038256999999999985
3 0.4065625 0.6516905 0.03562500000000002 0.04003500000000004
3 0.41437500000000005 0.8127225 0.04375000000000001 0.04537300000000011
3 0.4925 0.521797 0.04625000000000001 0.054269999999999985
3 0.5053124999999999 0.8518685 0.03562499999999996 0.05427100000000018
3 0.5428125 0.8892344999999999 0.06562500000000004 0.03113900000000014
3 0.528125 0.535587 0.010000000000000009 0.01601399999999986
3 0.551875 0.816281 0.05499999999999994 0.03825600000000007
3 0.5640625 0.8545375 0.02562500000000001 0.045373
3 0.599375 0.6356759999999999 0.08875 0.1841640000000001
3 0.618125 0.8567615000000002 0.04625000000000001 0.06049899999999997
3 0.6543749999999999 0.839413 0.04749999999999999 0.05071200000000009
3 0.7165625 0.733541 0.04312500000000008 0.04003600000000007
3 0.7359375 0.7104094999999999 0.03562500000000002 0.03469700000000009
3 0.7390625 0.7606759999999999 0.03437499999999993 0.017793999999999977
3 0.7715624999999999 0.7424379999999999 0.03312499999999996 0.04003600000000007
3 0.7721875 0.76468 0.03187499999999999 0.04003600000000007
3 0.7740625 0.825623 0.03562500000000002 0.04982200000000003
3 0.8440624999999999 0.1450175 0.10687499999999994 0.085409
3 0.8140625 0.710409 0.038124999999999964 0.027579999999999938
3 0.8140625 0.73532 0.028124999999999956 0.032918
3 0.831875 0.7406585 0.022499999999999964 0.04003500000000004
3 0.8490625 0.808274 0.026875000000000093 0.05427000000000004
3 0.8696875 0.5458185 0.011874999999999969 0.018682999999999894
3 0.9234374999999999 0.6467970000000001 0.09562499999999996 0.09964399999999995
3 0.905625 0.8033805 0.05249999999999999 0.07473299999999983
3 0.9484375 0.358541 0.030625000000000013 0.04982199999999998
3 0.9578125 0.539146 0.021874999999999978 0.02313199999999993
