3 0.05437500000000001 0.946748 0.027500000000000004 0.038212000000000135
3 0.0740625 0.6158535 0.031874999999999994 0.015446999999999989
3 0.12187500000000001 0.6772355 0.021250000000000005 0.06504100000000013
3 0.2090625 0.8304875 0.013124999999999998 0.020325000000000037
3 0.326875 0.30813050000000003 0.23125 0.292683
3 0.30874999999999997 0.6333329999999999 0.02250000000000002 0.022763999999999895
3 0.38875 0.601626 0.04249999999999998 0.02113799999999999
3 0.5815625 0.3865855 0.08437499999999998 0.27073100000000005
3 0.631875 0.7166665 0.022499999999999964 0.020324999999999926
3 0.681875 0.830488 0.015000000000000013 0.0349600000000001
3 0.75 0.8699189999999999 0.018750000000000044 0.009755999999999987
3 0.83375 0.6585365000000001 0.022499999999999964 0.030895000000000006
