3 0.56375 0.400188 0.06125000000000003 0.12806
3 0.34624999999999995 0.376648 0.06 0.08474599999999999
3 0.369375 0.5329565 0.057499999999999996 0.08097900000000002
3 0.37406249999999996 0.255179 0.06437500000000002 0.08474599999999999
3 0.42625 0.613936 0.05375000000000002 0.05837999999999999
3 0.62125 0.5687384999999999 0.043749999999999956 0.05649700000000002
3 0.6778124999999999 0.453861 0.03312499999999996 0.10357800000000006
3 0.725 0.5484935 0.03125 0.05743900000000002
3 0.7290625 0.38935949999999997 0.030625000000000013 0.10640299999999997
3 0.8721875 0.3554615 0.030624999999999902 0.05743899999999996
3 0.953125 0.6817325 0.05125000000000002 0.058381000000000016
3 0.955625 0.6398305 0.03375000000000006 0.051789000000000085
