3 0.0075 0.268293 0.015 0.02063799999999999
3 0.01375 0.588649 0.0275 0.01970000000000005
3 0.02875 0.6876175 0.0575 0.07879899999999995
3 0.0575 0.8719515 0.115 0.10225099999999998
3 0.4996875 0.7654785 0.999375 0.10318899999999998
3 0.0284375 0.32223250000000003 0.024375 0.036585000000000034
3 0.070625 0.5220450000000001 0.039999999999999994 0.029080000000000106
3 0.08281250000000001 0.420263 0.028124999999999997 0.04502800000000007
3 0.0965625 0.5895874999999999 0.029375 0.03658499999999998
3 0.1384375 0.4727955 0.06812499999999999 0.06566700000000003
3 0.19 0.8799250000000001 0.11625000000000002 0.10131400000000002
3 0.143125 0.563321 0.012500000000000011 0.01969999999999994
3 0.17593750000000002 0.561445 0.014374999999999999 0.02345200000000003
3 0.1928125 0.815666 0.02812500000000001 0.042213999999999974
3 0.23093750000000002 0.9652904999999999 0.019375000000000003 0.05816099999999991
3 0.2528125 0.9690435 0.024375000000000008 0.05816100000000013
3 0.2659375 0.8864915 0.015625 0.05440899999999982
3 0.2746875 0.328799 0.02437499999999998 0.06847999999999999
3 0.30093749999999997 0.8874295000000001 0.030624999999999958 0.05628499999999981
3 0.3115625 0.588649 0.041874999999999996 0.042214000000000085
3 0.3540625 0.4873355 0.12687499999999996 0.051594999999999946
3 0.32906250000000004 0.27532850000000003 0.02812500000000001 0.030957000000000012
3 0.399375 0.9094745 0.16625 0.09662300000000013
3 0.374375 0.6655719999999999 0.027500000000000024 0.027204000000000006
3 0.4340625 0.524859 0.030625000000000013 0.02345200000000014
3 0.46406250000000004 0.9606005 0.03937499999999999 0.05628500000000003
3 0.46843749999999995 0.5717639999999999 0.02812500000000001 0.044090000000000074
3 0.528125 0.912289 0.062499999999999944 0.10975599999999996
3 0.5634375 0.9479365 0.020625000000000004 0.053470999999999935
3 0.60375 0.9394935000000001 0.04749999999999999 0.10600300000000007
3 0.5921875000000001 0.4920265 0.01937500000000003 0.027205000000000035
3 0.5996874999999999 0.9559099999999999 0.021874999999999978 0.06754199999999999
3 0.81125 0.9277675000000001 0.36 0.14071299999999998
3 0.7484375000000001 0.8635085 0.02937500000000004 0.057223000000000135
3 0.864375 0.8761730000000001 0.043749999999999956 0.06754199999999999
3 0.8690625 0.2528145 0.016874999999999973 0.029081000000000023
3 0.9240625 0.563321 0.06562500000000004 0.03846200000000011
3 0.9484375 0.854128 0.03187499999999999 0.042214000000000085
