3 0.49763850000000004 0.6276595 0.9952770000000001 0.481961
3 0.023279499999999998 0.4181315 0.015518999999999998 0.007400999999999935
3 0.12010799999999999 0.3704905 0.016194 0.02127699999999999
3 0.1629555 0.517576 0.015519000000000005 0.015726000000000018
3 0.1798245 0.5286770000000001 0.010120999999999991 0.015726000000000018
3 0.21963549999999998 0.485199 0.02091699999999999 0.013876
3 0.31646450000000004 0.17992600000000003 0.03238900000000006 0.023126000000000008
3 0.3518895 0.4084185 0.007422999999999957 0.023126999999999953
3 0.425776 0.3973175 0.018893999999999966 0.02127699999999999
3 0.45242950000000004 0.34458849999999996 0.01686900000000008 0.02497699999999997
3 0.4615385000000001 0.2072155 0.02159300000000003 0.03515300000000002
3 0.5418350000000001 0.3371875 0.017543999999999893 0.028677000000000008
3 0.5495950000000001 0.28815899999999994 0.012819999999999943 0.01757599999999998
3 0.5802965 0.1059205 0.02024300000000001 0.03422699999999998
3 0.5975035000000001 0.172063 0.011471000000000009 0.03515200000000002
3 0.6373139999999999 0.2539315 0.014169999999999905 0.01572700000000002
3 0.6663295 0.2631825 0.02766500000000005 0.02127699999999999
3 0.70108 0.036540500000000004 0.017544000000000004 0.032376999999999996
3 0.7004049999999999 0.2280295 0.01214599999999999 0.021277000000000018
3 0.712551 0.126272 0.022942000000000018 0.028677999999999995
3 0.726046 0.273358 0.01619400000000004 0.015726000000000018
3 0.7395415 0.101295 0.013495000000000035 0.02127599999999999
3 0.770918 0.13922299999999999 0.014170000000000016 0.023126000000000008
3 0.805668 0.4000925 0.009445999999999954 0.019427000000000083
3 0.8319840000000001 0.300185 0.010795999999999917 0.017576000000000036
3 0.889001 0.083256 0.01956800000000003 0.02590200000000001
3 0.9396085000000001 0.03469 0.012821000000000082 0.019425999999999995
3 0.966599 0.141073 0.015519999999999978 0.019426
3 0.994602 0.195652 0.009445999999999954 0.01572599999999999
3 0.9952765000000001 0.249306 0.00809699999999991 0.021276000000000017
