3 0.39937500000000004 0.3685975 0.07500000000000001 0.075567
3 0.043750000000000004 0.2829555 0.052500000000000005 0.03862300000000002
3 0.1284375 0.315701 0.058124999999999996 0.026868000000000003
3 0.21125 0.337951 0.05124999999999999 0.031066000000000038
3 0.311875 0.3421495 0.04999999999999999 0.036105000000000054
3 0.46187500000000004 0.4093195 0.03750000000000003 0.042821
3 0.4971875 0.45549949999999995 0.043125000000000024 0.03442499999999998
3 0.5175 0.516373 0.04124999999999995 0.04030199999999995
3 0.56125 0.563812 0.03374999999999995 0.024349999999999983
3 0.6009374999999999 0.5688495 0.04062500000000002 0.024348999999999954
3 0.6209375 0.5785054999999999 0.026874999999999982 0.018471000000000015
3 0.6459375 0.6099915 0.030625000000000013 0.03442500000000004
3 0.6503125000000001 0.6267845000000001 0.01937500000000003 0.015952999999999995
3 0.6753125 0.6259445 0.028124999999999956 0.01763300000000001
3 0.6903125 0.6402185 0.034375000000000044 0.019310999999999967
3 0.7015625 0.6612089999999999 0.03687499999999999 0.019311999999999996
3 0.7165625 0.6784215 0.03312500000000007 0.021830999999999934
3 0.735625 0.720823 0.05125000000000002 0.03778399999999993
