3 0.0190625 0.7916665 0.024375 0.0455549999999999
3 0.0165625 0.7016665 0.014375 0.03444500000000006
3 0.03 0.7005554999999999 0.017499999999999998 0.054444999999999966
3 0.043437500000000004 0.5377775 0.016874999999999994 0.028888999999999943
3 0.051250000000000004 0.6627775 0.013750000000000005 0.03888899999999995
3 0.0715625 0.743889 0.019375000000000003 0.036665999999999976
3 0.0996875 0.7088885 0.019375000000000003 0.028889000000000054
3 0.1171875 0.6644445 0.015625 0.026666999999999996
3 0.123125 0.7038884999999999 0.008750000000000008 0.03888900000000006
3 0.1434375 0.7016665 0.016875 0.025554999999999883
3 0.2171875 0.7166665 0.010624999999999996 0.035555
3 0.6275 0.7427779999999999 0.74375 0.15222199999999997
3 0.2753125 0.7427775 0.021874999999999978 0.016666999999999987
3 0.3275 0.8183335 0.05125000000000002 0.03888899999999995
3 0.54375 0.7961115000000001 0.04125000000000001 0.04111100000000001
3 0.6103125 0.8066665 0.02312499999999995 0.04888900000000007
3 0.6996875 0.817222 0.03187499999999999 0.02777800000000008
3 0.9415625 0.7999999999999999 0.028124999999999956 0.04444399999999993
