3 0.14125000000000001 0.3416665 0.23750000000000002 0.24259300000000003
3 0.39937500000000004 0.37592549999999997 0.30375 0.23703699999999994
3 0.303125 0.5037035000000001 0.09875 0.155555
3 0.3675 0.7962965 0.15749999999999997 0.14444500000000005
3 0.45875 0.5722225 0.16749999999999998 0.20740700000000006
3 0.47375 0.6888890000000001 0.15999999999999998 0.09999999999999998
3 0.526875 0.541667 0.20875 0.272222
3 0.5549999999999999 0.4175925 0.16000000000000003 0.10555499999999995
3 0.625 0.839815 0.21500000000000008 0.12407400000000013
3 0.6499999999999999 0.6842595 0.235 0.21666699999999994
3 0.854375 0.803704 0.20124999999999993 0.20370399999999989
