3 0.3378905 0.14264700000000002 0.027343000000000006 0.05294200000000002
3 0.3837895 0.2139705 0.015625 0.054411000000000015
3 0.4067385 0.395588 0.016601000000000032 0.05882399999999999
3 0.44628950000000006 0.28088250000000003 0.015625 0.058823000000000014
3 0.4638669999999999 0.37867649999999997 0.023438000000000014 0.05441100000000004
3 0.47363299999999997 0.31102949999999996 0.02734400000000009 0.04852899999999999
3 0.49951199999999996 0.4411765000000001 0.02050799999999997 0.04705900000000002
3 0.5019534999999999 0.6323529999999999 0.015624999999999944 0.05882399999999999
3 0.540527 0.46397049999999995 0.02050800000000008 0.045588999999999935
3 0.5693360000000001 0.227206 0.017577999999999983 0.04558800000000002
3 0.604004 0.31029399999999996 0.024413999999999936 0.044118000000000046
3 0.640625 0.3485295 0.011718000000000117 0.06764700000000001
3 0.6557615000000001 0.39632349999999994 0.022460999999999953 0.06323499999999999
3 0.7114255 0.5220585 0.008788999999999936 0.052941000000000016
3 0.7973635 0.540441 0.014648999999999912 0.04853000000000007
3 0.8603515 0.530882 0.021484999999999976 0.050000000000000044
3 0.868164 0.388235 0.025390000000000024 0.050000000000000044
3 0.9121095 0.4242645 0.023437000000000152 0.05735299999999999
