3 0.2828125 0.5084425 0.013124999999999998 0.013133000000000061
3 0.31125 0.5140715 0.012500000000000011 0.013133000000000061
3 0.343125 0.523452 0.015000000000000013 0.016885999999999957
3 0.37906249999999997 0.5487804999999999 0.018125000000000002 0.016884999999999928
3 0.4296875 0.5755159999999999 0.01937500000000003 0.01782399999999995
3 0.479375 0.5356474999999999 0.012499999999999956 0.011257000000000073
3 0.4840625 0.598499 0.015625 0.013133999999999979
3 0.4925 0.5717635 0.018749999999999933 0.010318999999999967
3 0.49812500000000004 0.5628515000000001 0.012500000000000011 0.007504999999999984
3 0.5334375 0.6149155 0.01187500000000008 0.019699000000000022
