3 0.5053125 0.4897055 0.051875000000000004 0.0774510000000001
3 0.0753125 0.47352950000000005 0.034374999999999996 0.04705900000000002
3 0.1865625 0.48774549999999994 0.03437499999999999 0.042156999999999945
3 0.19437500000000002 0.45833349999999995 0.0325 0.036275
3 0.214375 0.5617645 0.03375 0.068627
3 0.2175 0.373039 0.03749999999999998 0.053922000000000025
3 0.22468749999999998 0.5465685 0.028124999999999983 0.03823500000000002
3 0.2340625 0.5916665 0.029375000000000012 0.04803899999999994
3 0.2584375 0.45833300000000005 0.03187499999999999 0.04019600000000001
3 0.26625 0.3921565 0.035 0.07254900000000003
3 0.26968749999999997 0.604902 0.025624999999999953 0.047058000000000155
3 0.2784375 0.6446075 0.028124999999999956 0.042157
3 0.2803125 0.489706 0.03187499999999999 0.040196000000000065
3 0.28531249999999997 0.5083335 0.026875000000000038 0.03823500000000002
3 0.294375 0.302941 0.040000000000000036 0.07450999999999997
3 0.3096875 0.545588 0.034375000000000044 0.03627400000000003
3 0.3146875 0.637745 0.029374999999999984 0.051960000000000006
3 0.32 0.6661765000000001 0.02749999999999997 0.04411699999999996
3 0.32718749999999996 0.317647 0.033125000000000016 0.052941999999999934
3 0.3384375 0.675 0.02312499999999995 0.04215599999999997
3 0.3540625 0.404902 0.03562500000000002 0.052941999999999934
3 0.36031250000000004 0.31470600000000004 0.033125000000000016 0.07451000000000002
3 0.3796875 0.7063725000000001 0.02562500000000001 0.032352999999999965
3 0.4028125 0.5906865 0.033125000000000016 0.042157
3 0.4009375 0.753431 0.02562500000000001 0.02450999999999992
3 0.4115625 0.339706 0.03562500000000002 0.05980399999999997
3 0.4134375 0.17598049999999998 0.03437499999999999 0.057843000000000006
3 0.423125 0.5495099999999999 0.03375 0.05980400000000008
3 0.5037499999999999 0.2544115 0.03874999999999995 0.06176499999999999
3 0.5809375 0.3387255 0.03312500000000007 0.053921
3 0.59875 0.2259805 0.043749999999999956 0.04607899999999998
3 0.6928125 0.37401950000000006 0.046875 0.04411700000000002
3 0.7518750000000001 0.24019600000000002 0.039999999999999925 0.066666
3 0.7934375 0.3460785 0.038124999999999964 0.06078499999999998
3 0.8425 0.3269605 0.04749999999999999 0.042156999999999945
3 0.926875 0.18431350000000002 0.0462499999999999 0.058822999999999986
