3 0.1296145 0.3119325 0.021668999999999994 0.02464299999999997
3 0.2877205 0.45979250000000005 0.029695000000000027 0.04020699999999994
3 0.535313 0.6945525 0.030497999999999914 0.03501899999999991
3 0.580658 0.6309985 0.023274000000000017 0.03761300000000001
3 0.6452645 0.6601815 0.038523000000000085 0.02075300000000002
3 0.669743 0.44163450000000004 0.031299999999999994 0.024643000000000026
3 0.6837880000000001 0.6906614999999999 0.02568199999999987 0.022048999999999985
3 0.6978329999999999 0.37159549999999997 0.044142000000000015 0.02204899999999993
3 0.695425 0.7243839999999999 0.02808999999999995 0.03501999999999994
3 0.7371585 0.7289235000000001 0.029695000000000138 0.012970999999999955
3 0.793339 0.49805450000000007 0.031299999999999994 0.033723
3 0.827448 0.6575875 0.02728800000000009 0.031129000000000073
3 0.8764045 0.59144 0.03210299999999988 0.02853400000000006
3 0.9077045 0.47146550000000004 0.02728699999999984 0.019455
