3 0.4238285 0.5525675 0.050780999999999965 0.15158900000000003
3 0.052734500000000004 0.388753 0.04296900000000001 0.16626000000000002
3 0.19140600000000002 0.386308 0.03515599999999999 0.15159
3 0.27783199999999997 0.38386299999999995 0.03417999999999993 0.15648
3 0.39209000000000005 0.371638 0.049804000000000015 0.12713999999999998
3 0.5590820000000001 0.811736 0.06933599999999995 0.13691999999999982
3 0.5454105 0.3826405 0.02636699999999992 0.14425500000000002
3 0.6386719999999999 0.3679705 0.03906200000000004 0.11980499999999994
3 0.7050784999999999 0.344743 0.03320299999999998 0.07824000000000003
3 0.783203 0.363081 0.03125 0.144254
3 0.9526365 0.358191 0.022461000000000064 0.154034
