3 0.5595905 0.189865 0.08566099999999999 0.06351399999999999
3 0.048882499999999995 0.099324 0.09776499999999999 0.041892
3 0.027933 0.8797295 0.031658000000000006 0.09729700000000008
3 0.057728 0.8858105 0.018622 0.09324299999999996
3 0.077281 0.883784 0.020484000000000002 0.08378400000000008
3 0.11359449999999999 0.8986485000000001 0.046555 0.07567499999999994
3 0.140596 0.89527 0.03352000000000001 0.07162199999999996
3 0.1834265 0.289189 0.07821299999999998 0.029730000000000034
3 0.183892 0.9047295 0.028864 0.09324300000000008
3 0.20437650000000002 0.9195945 0.021415000000000017 0.06351300000000015
3 0.2430165 0.926351 0.02607100000000001 0.08783800000000008
3 0.27979499999999996 0.2195945 0.088454 0.03378300000000001
3 0.292365 0.35135150000000004 0.07262600000000002 0.027026999999999968
3 0.3589385 0.364865 0.06983300000000003 0.029730000000000034
3 0.41806350000000003 0.22702699999999998 0.08938500000000005 0.056756
3 0.43249499999999996 0.385811 0.06797000000000003 0.02837800000000007
3 0.5074485 0.4108109999999999 0.06890100000000005 0.024323999999999957
3 0.5744879999999999 0.4337835 0.074488 0.018919000000000075
3 0.6396649999999999 0.475676 0.07635000000000003 0.029730000000000034
3 0.709032 0.15608100000000003 0.10149000000000008 0.03378400000000001
3 0.693203 0.512838 0.060521999999999965 0.025676000000000032
3 0.7476725 0.533784 0.06145299999999998 0.016216000000000008
3 0.8216945 0.454054 0.06238300000000008 0.02162199999999992
3 0.8486965 0.154054 0.09590300000000007 0.043244000000000005
3 0.8705769999999999 0.441216 0.07262600000000008 0.033784000000000036
3 0.925047 0.4344595 0.06610799999999994 0.025674999999999948
3 0.9646185 0.424324 0.0689010000000001 0.024324000000000012
