3 0.25571449999999996 0.7024254999999999 0.02285699999999996 0.035446999999999895
3 0.26857149999999996 0.632463 0.025714999999999988 0.033582
3 0.30714300000000005 0.5830225 0.028571999999999986 0.027984999999999927
3 0.3064285 0.5093285000000001 0.024285 0.037312999999999985
3 0.315 0.6445895 0.030000000000000027 0.035447000000000006
3 0.329286 0.6641794999999999 0.030000000000000027 0.04104500000000011
3 0.35071450000000004 0.39738799999999996 0.05285699999999999 0.05223799999999995
3 0.34571399999999997 0.555037 0.03999999999999998 0.02052199999999993
3 0.3442855 0.567164 0.02285699999999996 0.033582
3 0.387857 0.5326495 0.04142800000000002 0.027985000000000038
3 0.392143 0.5522385000000001 0.03571399999999997 0.02985099999999996
3 0.40357149999999997 0.4748135 0.04142899999999994 0.03917900000000002
3 0.41428550000000003 0.49533550000000004 0.042857000000000034 0.027984999999999982
3 0.44 0.7695895 0.04285799999999995 0.035447000000000006
3 0.445714 0.5186569999999999 0.04571400000000003 0.04477600000000004
3 0.453571 0.38805999999999996 0.050000000000000044 0.04477599999999998
3 0.4664285 0.6847015000000001 0.035715 0.044776999999999956
3 0.47071399999999997 0.492537 0.04428599999999999 0.033582
3 0.472143 0.6156714999999999 0.035714000000000024 0.03731300000000004
3 0.518571 0.4505595 0.040000000000000036 0.03917900000000002
3 0.5564285 0.6576495 0.024285000000000112 0.039178999999999964
3 0.5614285000000001 0.4384325 0.028571000000000013 0.04104499999999994
3 0.5892855 0.40671650000000004 0.027142999999999917 0.041045000000000054
3 0.5900000000000001 0.38619400000000004 0.022857999999999934 0.02238800000000002
3 0.5942855 0.45988799999999996 0.03142899999999993 0.04664200000000002
3 0.622857 0.5373135 0.04857200000000006 0.04477700000000007
3 0.647143 0.4375 0.03428599999999993 0.035447999999999924
3 0.6585714999999999 0.4561565 0.028571000000000013 0.027984999999999927
3 0.6807145 0.596082 0.03857099999999991 0.024253999999999998
3 0.7071425 0.473881 0.022856999999999905 0.03358200000000011
3 0.7264284999999999 0.4179105 0.027143000000000028 0.041045
3 0.815714 0.49720149999999996 0.03428599999999993 0.035447000000000006
