3 0.73875 0.29402799999999996 0.16749999999999998 0.15283399999999997
3 0.15031250000000002 0.6589065000000001 0.06562500000000002 0.08906899999999995
3 0.14500000000000002 0.6224695 0.018750000000000017 0.05060699999999996
3 0.249375 0.748988 0.11500000000000002 0.16599200000000003
3 0.2828125 0.6346155 0.084375 0.09919100000000003
3 0.3925 0.5187245 0.09875 0.04554699999999989
3 0.389375 0.27884600000000004 0.05124999999999996 0.023280000000000023
3 0.3784375 0.8243925000000001 0.026874999999999982 0.05161899999999997
3 0.43374999999999997 0.8836035 0.11000000000000004 0.08704500000000004
3 0.4709375 0.3851215 0.08187499999999998 0.04352299999999998
3 0.563125 0.8795545 0.10749999999999993 0.06680099999999989
3 0.628125 0.7408905 0.057499999999999996 0.02024300000000001
