3 0.28625 0.341957 0.12625 0.20225799999999997
3 0.035625 0.3118535 0.07125 0.098777
3 0.09125 0.542333 0.11375 0.08937000000000006
3 0.1553125 0.425682 0.088125 0.12135400000000002
3 0.2028125 0.6128885 0.13937500000000003 0.10630299999999993
3 0.1790625 0.507996 0.06937499999999999 0.06208799999999992
3 0.23562499999999997 0.16368749999999999 0.05124999999999999 0.07525899999999999
3 0.2628125 0.13640649999999999 0.029375000000000012 0.090311
3 0.44875 0.447319 0.28875 0.18720600000000004
3 0.3403125 0.063029 0.030625000000000013 0.08654799999999999
3 0.61125 0.6622764999999999 0.24999999999999994 0.3047970000000001
3 0.5434375 0.23424250000000002 0.078125 0.08090299999999997
3 0.6321875 0.27657550000000003 0.078125 0.08842900000000001
3 0.6159375 0.12746949999999999 0.03562500000000002 0.042332999999999996
3 0.700625 0.079962 0.05124999999999991 0.08466599999999999
3 0.7478125 0.415334 0.07437500000000008 0.12323600000000007
3 0.7381249999999999 0.674506 0.03749999999999998 0.126058
3 0.8165625 0.233302 0.078125 0.082784
3 0.9003125000000001 0.2309505 0.09687499999999993 0.11382899999999999
3 0.8953125 0.45390450000000004 0.08437499999999998 0.13452500000000006
3 0.9334374999999999 0.44355599999999995 0.08437499999999998 0.11382799999999998
3 0.981875 0.447789 0.03500000000000003 0.09219200000000005
