3 0.003125 0.3827395 0.00625 0.009381000000000028
3 0.0534375 0.485929 0.023125 0.022513999999999923
3 0.063125 0.4638835 0.016249999999999994 0.02532899999999999
3 0.1459375 0.5089115 0.02562500000000001 0.034709000000000045
3 0.1446875 0.45684800000000003 0.018125000000000002 0.026266000000000067
3 0.14656249999999998 0.5558160000000001 0.016875 0.025327999999999906
3 0.18093749999999997 0.5290805000000001 0.014374999999999999 0.016884999999999928
3 0.2021875 0.512664 0.015625 0.015948000000000073
3 0.2234375 0.5886495 0.021875000000000006 0.010319000000000078
3 0.2278125 0.503283 0.013124999999999998 0.023452000000000084
3 0.264375 0.621482 0.016250000000000042 0.017824000000000062
3 0.28812499999999996 0.543621 0.019999999999999962 0.01970000000000005
3 0.396875 0.576454 0.014999999999999958 0.027204000000000006
3 0.42656249999999996 0.652908 0.018125000000000002 0.015010000000000079
3 0.57875 0.670732 0.25 0.133208
3 0.46625 0.579268 0.01749999999999996 0.025328000000000017
3 0.4846875 0.7903375 0.024375000000000036 0.029080999999999912
3 0.5603125 0.7762665 0.014375000000000027 0.030957000000000012
3 0.57375 0.8114445000000001 0.010000000000000009 0.005628999999999995
3 0.6018749999999999 0.8123825 0.0050000000000000044 0.011256999999999961
3 0.618125 0.8123825 0.008750000000000036 0.011256999999999961
3 0.6353125 0.8166040000000001 0.010624999999999996 0.019700000000000162
3 0.6609375 0.8133205 0.008125000000000049 0.009380999999999862
3 0.774375 0.707786 0.11124999999999996 0.06285199999999991
3 0.7465625 0.780957 0.023125000000000062 0.025328000000000017
3 0.8728125 0.70591 0.016874999999999973 0.014071999999999973
