3 0.0678125 0.5055065 0.018125000000000002 0.059470999999999996
3 0.09468750000000001 0.5253304999999999 0.013125000000000012 0.03744500000000006
3 0.138125 0.4118945 0.017500000000000016 0.04405300000000001
3 0.1753125 0.5209254999999999 0.020625000000000004 0.03744499999999995
3 0.1928125 0.256608 0.016875 0.05066000000000001
3 0.2240625 0.5297355 0.015625 0.03744499999999995
3 0.2296875 0.3061675 0.021875000000000006 0.03964699999999999
3 0.24375000000000002 0.274229 0.01125000000000001 0.05066000000000004
3 0.26749999999999996 0.338106 0.017500000000000016 0.06828200000000001
3 0.2871875 0.454846 0.021874999999999978 0.04185
3 0.3303125 0.342511 0.018125000000000002 0.033040000000000014
3 0.3309375 0.4008815 0.016874999999999973 0.030837000000000003
3 0.3353125 0.534141 0.015625 0.06387600000000004
3 0.46499999999999997 0.5594715 0.014999999999999958 0.030837000000000003
3 0.5278125 0.531938 0.020625000000000004 0.04184999999999994
3 0.6384375 0.7334805 0.014375000000000027 0.0440529999999999
3 0.7128125000000001 0.407489 0.021874999999999978 0.02643200000000001
3 0.7190624999999999 0.4218065 0.024374999999999925 0.037445000000000006
3 0.7834375 0.394273 0.01937499999999992 0.035241999999999996
3 0.8865624999999999 0.3579295 0.018125000000000058 0.046255000000000046
3 0.8921874999999999 0.4052865 0.021874999999999978 0.03964700000000004
3 0.9390625 0.38326 0.023125000000000062 0.048458
3 0.9521875 0.534141 0.026874999999999982 0.05066000000000004
