3 0.888125 0.246248 0.14875000000000005 0.19230799999999998
3 0.0178125 0.3522515 0.035625 0.11726099999999995
3 0.0803125 0.1566605 0.076875 0.06941900000000001
3 0.4903125 0.9146340000000001 0.7993750000000001 0.16885600000000012
3 0.1684375 0.3320825 0.073125 0.06941900000000001
3 0.20875 0.282833 0.0925 0.11350799999999997
3 0.23875000000000002 0.0361165 0.08875000000000002 0.072233
3 0.2990625 0.364916 0.08812500000000001 0.06566599999999995
3 0.3309375 0.016885499999999998 0.02937500000000004 0.033770999999999995
3 0.39375000000000004 0.4484055 0.06 0.14446500000000007
3 0.4096875 0.079737 0.09187499999999998 0.084428
3 0.468125 0.0403375 0.08625 0.07879900000000001
3 0.7012499999999999 0.009381 0.03500000000000003 0.018762
3 0.9762500000000001 0.011257 0.04625000000000001 0.022514
