3 0.8674999999999999 0.3508335 0.11750000000000005 0.10166700000000001
3 0.009375 0.7466665 0.01875 0.03333300000000006
3 0.175 0.49083350000000003 0.035 0.038333000000000006
3 0.24375000000000002 0.605 0.037500000000000006 0.036665999999999976
3 0.246875 0.8466670000000001 0.04125000000000001 0.019999999999999907
3 0.405625 0.79 0.06125000000000003 0.036665999999999976
3 0.46125 0.3983335 0.07750000000000001 0.08333299999999999
3 0.485625 0.7525 0.03374999999999995 0.03833399999999998
3 0.6325000000000001 0.8941669999999999 0.04250000000000009 0.04500000000000004
3 0.74125 0.7433335 0.030000000000000027 0.036667000000000005
3 0.755625 0.8483335000000001 0.03875000000000006 0.07333299999999998
3 0.808125 0.38 0.05874999999999997 0.11333400000000005
3 0.8162499999999999 0.7050000000000001 0.015000000000000013 0.039999999999999925
3 0.8825000000000001 0.5741665 0.039999999999999925 0.021666999999999992
3 0.905 0.7958335 0.030000000000000027 0.07833299999999999
3 0.969375 0.815 0.05875000000000008 0.05999999999999994
3 0.96 0.5425 0.030000000000000027 0.018334000000000072
