3 0.6803125 0.419551 0.13312499999999994 0.186156
3 0.06 0.9078575 0.12 0.09822300000000017
3 0.0721875 0.3419085 0.12562500000000001 0.12441499999999994
3 0.2203125 0.7086060000000001 0.14937499999999998 0.12067400000000006
3 0.2196875 0.61319 0.12062500000000004 0.1000939999999999
3 0.3425 0.6000935000000001 0.14875 0.09635099999999996
3 0.3521875 0.125351 0.114375 0.250702
3 0.3778125 0.8241350000000001 0.12687499999999996 0.09541599999999995
3 0.4303125 0.1768005 0.13687500000000002 0.15902699999999997
3 0.4709375 0.1272215 0.12312499999999998 0.12160900000000001
3 0.5040625 0.431244 0.11812499999999998 0.09541600000000006
3 0.5265625 0.9289054999999999 0.13437500000000002 0.13657700000000006
3 0.5375 0.8999059999999999 0.11749999999999994 0.08232000000000006
3 0.7640625 0.5542564999999999 0.12812500000000004 0.04957899999999993
3 0.8684375 0.4831620000000001 0.12687499999999996 0.13377
3 0.9146875 0.5893360000000001 0.12687500000000007 0.08232000000000006
3 0.9375 0.7773619999999999 0.12375000000000003 0.14780199999999988
