3 0.0696875 0.685762 0.015625 0.04338200000000003
3 0.0690625 0.612903 0.010624999999999996 0.011123999999999912
3 0.0846875 0.714683 0.033125 0.04115599999999997
3 0.1065625 0.6824250000000001 0.023124999999999993 0.045605999999999924
3 0.16625 0.628476 0.008750000000000008 0.011123999999999912
3 0.2078125 0.6262515 0.008125000000000021 0.011122999999999994
3 0.21687499999999998 0.6106785 0.012499999999999983 0.0066749999999999865
3 0.22375 0.602892 0.0062500000000000056 0.008897999999999961
3 0.24125 0.6062295 0.010000000000000009 0.015572999999999948
3 0.244375 0.6429365 0.01125000000000001 0.02669699999999997
3 0.2784375 0.612347 0.010624999999999996 0.021134000000000097
3 0.31375 0.612347 0.011250000000000038 0.021134000000000097
3 0.36343749999999997 0.6301445 0.014374999999999971 0.03448300000000004
3 0.4446875 0.663515 0.023125000000000007 0.03670799999999996
3 0.4909375 0.720801 0.013124999999999998 0.01779799999999998
3 0.5028125 0.60178 0.023125000000000007 0.026696000000000053
3 0.518125 0.6618465 0.012500000000000067 0.05784300000000009
3 0.5525 0.637375 0.015000000000000013 0.037820000000000076
3 0.578125 0.7903225 0.012499999999999956 0.030032999999999976
3 0.5990625 0.7169075 0.020625000000000004 0.030033000000000087
3 0.7446875 0.560067 0.020625000000000004 0.02558400000000005
3 0.7665625 0.6167965 0.030625000000000013 0.038932999999999995
3 0.8790625 0.6601779999999999 0.02562500000000001 0.05227999999999999
