3 0.433125 0.3583485 0.10749999999999998 0.20637899999999998
3 0.1303125 0.7063790000000001 0.08187500000000002 0.07129400000000008
3 0.2025 0.717167 0.04500000000000001 0.042213999999999974
3 0.2865625 0.6894935 0.06437499999999996 0.06003700000000001
3 0.3296875 0.762664 0.12687500000000002 0.15196999999999994
3 0.6653125 0.69606 0.16562500000000002 0.18011200000000005
3 0.66 0.5450284999999999 0.11624999999999996 0.12195100000000003
3 0.7271875 0.631332 0.03312500000000007 0.013133999999999979
3 0.756875 0.6158535 0.03874999999999995 0.032833
3 0.8325 0.762195 0.10999999999999999 0.05910000000000004
3 0.9215625000000001 0.5891185 0.155625 0.29455899999999996
