3 0.48281250000000003 0.1383335 0.12437500000000001 0.086667
3 0.0109375 0.9237500000000001 0.021875 0.022500000000000075
3 0.0190625 0.90125 0.038125 0.025833999999999913
3 0.028125 0.905833 0.028750000000000005 0.03499999999999992
3 0.14375000000000002 0.48375 0.08625000000000001 0.04416599999999998
3 0.1221875 0.9154165 0.02562500000000001 0.035833000000000004
3 0.32125 0.905 0.0625 0.040000000000000036
3 0.5284375 0.290833 0.09187499999999998 0.044999999999999984
3 0.539375 0.8254170000000001 0.03125 0.022500000000000075
3 0.5349999999999999 0.9020835 0.016249999999999987 0.03416699999999995
3 0.6015625 0.48125 0.11937500000000001 0.025834000000000024
3 0.551875 0.9025000000000001 0.013749999999999929 0.04833399999999999
3 0.5659375 0.8987499999999999 0.014375000000000027 0.040833999999999926
3 0.7124999999999999 0.21708349999999998 0.16249999999999998 0.089167
3 0.65125 0.8945835 0.016250000000000098 0.029167000000000054
3 0.73 0.50875 0.14375000000000004 0.04250000000000004
3 0.669375 0.8970834999999999 0.016249999999999987 0.030833
3 0.6834374999999999 0.8970834999999999 0.011874999999999969 0.044166999999999956
3 0.7424999999999999 0.3770835 0.12124999999999997 0.06583299999999997
3 0.6956249999999999 0.8987499999999999 0.0050000000000000044 0.02749999999999997
3 0.7778125 0.27708350000000004 0.14812500000000006 0.08583299999999999
3 0.7321875 0.89625 0.015625 0.04583399999999993
3 0.7559374999999999 0.897917 0.011874999999999969 0.04249999999999998
3 0.7831250000000001 0.89375 0.04999999999999993 0.01749999999999996
3 0.8262499999999999 0.5175 0.08999999999999997 0.043333999999999984
3 0.8003125 0.89125 0.018124999999999947 0.029166000000000025
3 0.8746875000000001 0.4791665 0.104375 0.053332999999999964
3 0.8403125 0.8895835 0.02562500000000001 0.035833000000000004
3 0.9184375 0.5358335000000001 0.09937499999999999 0.05166700000000002
3 0.92125 0.88375 0.022499999999999964 0.02749999999999997
3 0.9459375 0.88625 0.01187500000000008 0.03249999999999997
3 0.9734375 0.8816665 0.046875 0.04833299999999996
