3 0.7362500000000001 0.0625 0.08750000000000002 0.095
3 0.0829165 0.67125 0.029167 0.03499999999999992
3 0.12375 0.631875 0.044166 0.026249999999999996
3 0.20750000000000002 0.3675 0.14 0.24750000000000003
3 0.2620835 0.721875 0.014166999999999985 0.011249999999999982
3 0.2683335 0.5862499999999999 0.018333000000000044 0.03500000000000003
3 0.31625000000000003 0.72 0.007500000000000007 0.007499999999999951
3 0.37416649999999996 0.7625 0.013332999999999984 0.015000000000000013
3 0.4304165 0.29000000000000004 0.05083299999999996 0.04250000000000004
3 0.4916665 0.37375 0.07166699999999998 0.06
3 0.48333349999999997 0.6993750000000001 0.00833299999999998 0.006249999999999978
3 0.5129165 0.10375 0.06583300000000003 0.07749999999999999
3 0.5516665000000001 0.576875 0.13333300000000003 0.03125
3 0.505 0.764375 0.011665999999999954 0.011249999999999982
3 0.5762499999999999 0.6875 0.02416600000000002 0.03499999999999992
3 0.6104164999999999 0.26875 0.06416699999999997 0.05000000000000002
3 0.5920835 0.71375 0.025832999999999995 0.04249999999999998
3 0.6254165 0.659375 0.07083300000000003 0.04125000000000001
3 0.6629165 0.75125 0.02416700000000005 0.03500000000000003
3 0.6625 0.71375 0.011665999999999954 0.010000000000000009
3 0.7037500000000001 0.21999999999999997 0.07750000000000001 0.07749999999999999
3 0.74125 0.3025 0.05916599999999994 0.145
3 0.76875 0.7106250000000001 0.01749999999999996 0.011250000000000093
3 0.807083 0.7168749999999999 0.012499999999999956 0.01375000000000004
3 0.8254165 0.711875 0.009166999999999925 0.02124999999999999
3 0.8825000000000001 0.29625 0.1050000000000001 0.034999999999999976
3 0.8504165 0.756875 0.01416700000000004 0.011249999999999982
3 0.8779170000000001 0.72125 0.012500000000000067 0.009999999999999898
3 0.94625 0.253125 0.09250000000000003 0.07374999999999998
3 0.9775 0.33625000000000005 0.043333999999999984 0.05499999999999999
3 0.9670835 0.7525 0.02083299999999999 0.009999999999999898
3 0.977917 0.15625 0.04249999999999998 0.04999999999999999
3 0.9729165 0.791875 0.029167000000000054 0.018750000000000044
3 0.9875 0.025625000000000002 0.023334000000000077 0.02875
