3 0.766875 0.884328 0.06874999999999998 0.13806000000000007
3 0.014375 0.45615700000000003 0.02875 0.024253999999999998
3 0.04125 0.5942164999999999 0.024999999999999998 0.013059000000000043
3 0.0975 0.6063434999999999 0.042499999999999996 0.026118999999999892
3 0.138125 0.6231344999999999 0.04375 0.03731300000000004
3 0.19375 0.6361939999999999 0.05499999999999999 0.07089599999999996
3 0.28500000000000003 0.7024255 0.02250000000000002 0.031716999999999995
3 0.35062499999999996 0.636194 0.11625000000000002 0.100746
3 0.38749999999999996 0.678172 0.08500000000000002 0.057836
3 0.39 0.710821 0.08500000000000002 0.06343199999999993
3 0.56 0.4841420000000001 0.11750000000000005 0.13992600000000005
3 0.6425000000000001 0.875 0.16249999999999998 0.09328399999999992
3 0.888125 0.925373 0.22125000000000006 0.14552199999999993
