3 0.2221875 0.47 0.023125000000000007 0.046665999999999985
3 0.3303125 0.5104164999999999 0.06562499999999999 0.034167
3 0.3334375 0.48375 0.02312499999999995 0.025834000000000024
3 0.385 0.4729165 0.023749999999999993 0.025832999999999995
3 0.4303125 0.562083 0.051875000000000004 0.0625
3 0.45625000000000004 0.5220834999999999 0.04375000000000001 0.030833
3 0.4878125 0.6241665000000001 0.06062499999999993 0.04166700000000001
3 0.6046875 0.6033335 0.028125000000000067 0.06166700000000003
3 0.619375 0.6074999999999999 0.04749999999999999 0.10166599999999992
3 0.711875 0.6041665 0.03125 0.06333299999999997
3 0.7796875000000001 0.6283335 0.03187499999999999 0.043333000000000066
