3 0.0784375 0.500606 0.013125000000000012 0.012122000000000022
3 0.09375 0.49939349999999993 0.010000000000000009 0.009697000000000011
3 0.1078125 0.500606 0.013124999999999998 0.01696999999999993
3 0.1259375 0.504242 0.01062500000000001 0.019394000000000078
3 0.13874999999999998 0.498182 0.009999999999999981 0.01696999999999993
3 0.15468749999999998 0.501818 0.014374999999999999 0.014546000000000003
3 0.170625 0.49575749999999996 0.012500000000000011 0.016969000000000012
3 0.1975 0.49454499999999996 0.010000000000000009 0.019394000000000022
3 0.2234375 0.48787899999999995 0.015625 0.018181999999999976
3 0.24625 0.500606 0.012500000000000011 0.01696999999999993
3 0.265625 0.4981815 0.010000000000000009 0.012120999999999937
3 0.2834375 0.49515149999999997 0.013124999999999998 0.027878999999999987
3 0.30156249999999996 0.504242 0.013124999999999998 0.019394000000000078
3 0.321875 0.5151515 0.012500000000000011 0.016969000000000012
3 0.344375 0.517576 0.016249999999999987 0.01697000000000004
3 0.365625 0.5151515 0.012500000000000011 0.016969000000000012
3 0.3884375 0.5187875 0.013124999999999998 0.009696999999999956
3 0.4096875 0.5139389999999999 0.011875000000000024 0.019394000000000022
3 0.42562500000000003 0.5163635 0.009999999999999953 0.01454500000000003
3 0.473125 0.5218179999999999 0.012500000000000011 0.025453999999999977
3 0.48843749999999997 0.6060605 0.018125000000000002 0.03393899999999994
3 0.49624999999999997 0.5230299999999999 0.012499999999999956 0.023029999999999995
3 0.5140625 0.527879 0.013125000000000053 0.023029999999999884
3 0.5340625 0.530303 0.014375000000000027 0.01818199999999992
3 0.5506249999999999 0.5490905 0.016249999999999987 0.009697000000000067
3 0.5531250000000001 0.5648485000000001 0.016249999999999987 0.021818999999999922
3 0.5853125 0.5739395 0.016874999999999973 0.03030299999999997
3 0.5890625 0.6024245 0.01937500000000003 0.026666999999999996
3 0.6403125000000001 0.5848485 0.024374999999999925 0.023031000000000024
3 0.6856249999999999 0.610303 0.053750000000000075 0.04727199999999998
3 0.678125 0.7315149999999999 0.022499999999999964 0.03272799999999998
3 0.678125 0.8357574999999999 0.022499999999999964 0.03272699999999984
3 0.6846874999999999 0.7454545 0.020625000000000004 0.01454500000000003
3 0.7271875 0.7066665000000001 0.026874999999999982 0.04606100000000002
3 0.7246874999999999 0.6169695 0.01937500000000003 0.026666999999999996
3 0.7653125000000001 0.6587875000000001 0.06437499999999996 0.04969699999999999
3 0.7440625000000001 0.7460605 0.01937500000000003 0.03272699999999995
3 0.7459374999999999 0.619394 0.020625000000000004 0.021817999999999893
3 0.7465625 0.628485 0.01937500000000003 0.020606000000000013
3 0.7628125 0.7030305 0.03312500000000007 0.070303
3 0.7603125 0.8418185 0.025624999999999898 0.04969699999999999
3 0.826875 0.6957575 0.04874999999999996 0.07515100000000008
3 0.8465625 0.769091 0.024375000000000036 0.04242400000000002
3 0.8540625 0.7503029999999999 0.02937500000000004 0.03393999999999997
3 0.8965624999999999 0.7763635 0.04937500000000006 0.052121000000000084
3 0.8996875 0.7278785 0.04062500000000002 0.03030299999999997
3 0.8984375 0.7054545 0.03312500000000007 0.01454500000000003
