3 0.7202379999999999 0.688172 0.11666600000000005 0.125448
3 0.19523800000000002 0.418459 0.39047600000000005 0.4319
3 0.1488095 0.8172044999999999 0.09761900000000001 0.146953
3 0.274405 0.7688175 0.089286 0.07526900000000003
3 0.333333 0.2939065 0.09523800000000004 0.13620100000000002
3 0.3815475 0.780466 0.10357099999999997 0.16308199999999995
3 0.425 0.677419 0.07618999999999998 0.08960600000000007
3 0.43392849999999994 0.4775985 0.091667 0.16308299999999998
3 0.479762 0.9121865 0.111904 0.08243699999999987
3 0.45297600000000005 0.2697135 0.05595200000000006 0.07706100000000002
3 0.4708335 0.3799285 0.067857 0.10394300000000001
3 0.47619050000000007 0.3521505 0.07142900000000002 0.06989299999999998
3 0.5982145 0.178315 0.09880899999999992 0.09139799999999998
3 0.6345235 0.3055555 0.0619050000000001 0.11290300000000003
3 0.6958335 0.20967750000000002 0.06785700000000006 0.100359
3 0.701786 0.280466 0.07500000000000007 0.09856599999999996
3 0.7 0.389785 0.06904799999999989 0.09498200000000001
3 0.7375 0.499104 0.06785799999999997 0.09498199999999996
3 0.8702385 0.7580645 0.2571430000000001 0.24372700000000003
3 0.835119 0.3243725 0.07023799999999991 0.10752700000000004
3 0.8583335000000001 0.3817205 0.07857100000000006 0.14336899999999997
3 0.880357 0.29480300000000004 0.07499999999999996 0.087814
3 0.9375 0.0815415 0.07738 0.112903
3 0.9690480000000001 0.42025100000000004 0.05952400000000002 0.10573400000000005
