3 0.0078125 0.71375 0.014374999999999999 0.012499999999999956
3 0.030625 0.692917 0.015 0.022499999999999964
3 0.185625 0.6379165 0.028749999999999998 0.03916699999999995
3 0.22218749999999998 0.6225 0.021875000000000006 0.036665999999999976
3 0.243125 0.6183335 0.02250000000000002 0.03833299999999995
3 0.306875 0.5933335 0.03375 0.036667000000000005
3 0.3509375 0.580417 0.02812500000000001 0.02749999999999997
3 0.385625 0.5816665000000001 0.028749999999999998 0.043332999999999955
3 0.4196875 0.5829165000000001 0.020625000000000004 0.029167000000000054
3 0.4403125 0.5854165 0.020625000000000004 0.04083300000000001
3 0.47281249999999997 0.6000000000000001 0.021875000000000033 0.036665999999999976
3 0.49625 0.6154165 0.025000000000000022 0.029167000000000054
3 0.5259375 0.6079165 0.03437499999999993 0.04083300000000001
3 0.5665625 0.6154165 0.02562500000000001 0.029167000000000054
3 0.5878125 0.6129165 0.016874999999999973 0.03416700000000006
3 0.6990625 0.6370830000000001 0.04812499999999997 0.04749999999999999
3 0.7190624999999999 0.6345835 0.020625000000000004 0.029167000000000054
3 0.771875 0.6525000000000001 0.03875000000000006 0.03500000000000003
3 0.8425 0.6654165000000001 0.030000000000000027 0.03916700000000006
3 0.90125 0.675 0.028750000000000053 0.03500000000000003
3 0.9315625000000001 0.67875 0.01937500000000003 0.02749999999999997
