3 0.15156250000000002 0.5825 0.164375 0.24833400000000005
3 0.0184375 0.1254165 0.036875 0.02583299999999998
3 0.071875 0.22041650000000002 0.04875 0.035832999999999976
3 0.079375 0.1504165 0.03875000000000001 0.04083299999999998
3 0.1646875 0.1416665 0.049374999999999974 0.05166700000000002
3 0.16875 0.11583299999999999 0.046249999999999986 0.044999999999999984
3 0.289375 0.18291649999999998 0.07125000000000004 0.03416700000000003
3 0.3190625 0.10041649999999999 0.060624999999999984 0.030832999999999985
3 0.39468749999999997 0.46125 0.14187500000000003 0.07750000000000001
3 0.44562500000000005 0.19374999999999998 0.09125 0.08249999999999999
3 0.5621875000000001 0.135 0.290625 0.138334
3 0.5237499999999999 0.218333 0.04874999999999996 0.04000000000000001
3 0.62375 0.250417 0.03500000000000003 0.03749999999999998
3 0.7790625 0.476667 0.14312499999999995 0.040000000000000036
3 0.7896875 0.14166700000000002 0.09812500000000002 0.065
3 0.8934375 0.097083 0.05437500000000006 0.03749999999999999
3 0.9371875000000001 0.10124999999999999 0.06437499999999996 0.039166000000000006
3 0.9275 0.06958349999999999 0.030000000000000027 0.030833000000000013
3 0.9721875 0.10875 0.04937499999999995 0.027499999999999997
3 0.9759375 0.040416499999999994 0.046875 0.020832999999999997
