3 0.590625 0.3353125 0.1775 0.10562500000000002
3 0.0375 0.74 0.06999999999999999 0.06499999999999995
3 0.14656249999999998 0.6403125000000001 0.173125 0.155625
3 0.1175 0.9696875 0.06 0.05937500000000007
3 0.16625 0.7871875 0.12250000000000001 0.06687500000000002
3 0.213125 0.41374999999999995 0.125 0.15375
3 0.2653125 0.3278125 0.09937499999999999 0.114375
3 0.2996875 0.9721875 0.044375 0.05437500000000006
3 0.48031250000000003 0.5003125 0.174375 0.09062500000000001
3 0.53 0.4396875 0.16374999999999995 0.05812499999999998
