3 0.806875 0.08739650000000002 0.07499999999999996 0.09383700000000002
3 0.0496875 0.3587855 0.033125 0.080957
3 0.2059375 0.8233675 0.06437500000000002 0.07543700000000009
3 0.271875 0.844526 0.05749999999999997 0.139834
3 0.2675 0.35142599999999996 0.04374999999999998 0.13799399999999995
3 0.3425 0.7870284999999999 0.06 0.10395499999999991
3 0.41625 0.24839 0.05125000000000002 0.07175799999999999
3 0.541875 0.3344065 0.04125000000000001 0.11867499999999997
3 0.6756249999999999 0.7663294999999999 0.05500000000000005 0.08463699999999996
3 0.76875 0.8348665 0.05625000000000002 0.14259500000000003
3 0.770625 0.341766 0.050000000000000044 0.1481139999999999
