3 0.023125 0.67 0.04625 0.303334
3 0.080625 0.305833 0.16125 0.405
3 0.06343750000000001 0.6566665 0.060625 0.311667
3 0.1359375 0.7104165 0.176875 0.28416700000000006
3 0.2153125 0.270417 0.221875 0.4275
3 0.304375 0.6795835 0.18375 0.339167
3 0.3271875 0.5504165 0.145625 0.28083300000000005
3 0.5271875 0.4933335 0.48437500000000006 0.973333
3 0.5025 0.5900000000000001 0.19499999999999995 0.21166600000000002
3 0.4615625 0.739583 0.10437500000000005 0.15250000000000008
3 0.48531250000000004 0.53875 0.10062500000000002 0.185834
3 0.574375 0.6895835 0.11375000000000002 0.31583300000000003
3 0.7003125 0.7833330000000001 0.14312499999999995 0.29999999999999993
3 0.73125 0.345417 0.1925 0.34249999999999997
3 0.8456250000000001 0.65 0.16000000000000003 0.31833399999999995
3 0.8987499999999999 0.485 0.16000000000000003 0.15666599999999997
3 0.9165625 0.7525 0.16562500000000002 0.30999999999999994
3 0.9090625 0.72875 0.14187499999999997 0.3374999999999999
