3 0.071875 0.499062 0.04625 0.06379000000000001
3 0.18875 0.4488745 0.04375000000000001 0.055346999999999924
3 0.28874999999999995 0.4404315 0.04375000000000001 0.06472699999999998
3 0.37812500000000004 0.3991555 0.04375000000000001 0.05534699999999998
3 0.4821875 0.37804899999999997 0.038124999999999964 0.06754199999999994
3 0.5128125 0.5182925 0.043125000000000024 0.05909900000000001
3 0.5846875 0.3672605 0.04062500000000002 0.057223000000000024
3 0.67875 0.3405255 0.04749999999999999 0.05816100000000002
3 0.7909375000000001 0.323171 0.038125000000000075 0.04596600000000001
3 0.8940625 0.336304 0.041874999999999996 0.04971800000000004
3 0.9550000000000001 0.29315199999999997 0.03874999999999995 0.05159399999999997
