3 0.7471875 0.6266665 0.203125 0.46166700000000005
3 0.024375 0.8945835 0.04875 0.12916700000000003
3 0.0353125 0.6854165 0.070625 0.16916700000000007
3 0.048125 0.7091665 0.06875 0.10333300000000001
3 0.13 0.6654165 0.11375000000000002 0.22583299999999995
3 0.13187500000000002 0.9125000000000001 0.07125000000000001 0.10999999999999999
3 0.18875 0.92375 0.1225 0.11583399999999999
3 0.1959375 0.7620834999999999 0.06937499999999999 0.13583299999999998
3 0.2271875 0.9824999999999999 0.09812499999999999 0.033334000000000086
3 0.22 0.6870835 0.04749999999999999 0.07916699999999999
3 0.240625 0.69375 0.04999999999999999 0.134166
3 0.3775 0.6304165 0.14875000000000005 0.27583300000000005
3 0.36 0.7120835000000001 0.07750000000000001 0.12583299999999997
3 0.401875 0.5545835 0.1225 0.34416699999999995
3 0.548125 0.5525 0.15375 0.41
3 0.6040625 0.73 0.11062500000000008 0.13833399999999996
3 0.6034375000000001 0.61875 0.08187500000000003 0.18416600000000005
3 0.609375 0.5541670000000001 0.03875000000000006 0.05500000000000005
3 0.7303125 0.985 0.09937499999999999 0.02833400000000008
3 0.8553124999999999 0.5375 0.259375 0.40666599999999997
3 0.8196875 0.550833 0.13937500000000003 0.31000000000000005
3 0.8515625 0.5670835 0.1668750000000001 0.32916699999999993
3 0.8690625000000001 0.7475 0.10062500000000008 0.1449999999999999
3 0.8981250000000001 0.6825 0.11249999999999993 0.15333400000000008
