3 0.09031249999999999 0.770131 0.035625000000000004 0.09457000000000004
3 0.1190625 0.7682585 0.031875000000000014 0.09831500000000004
3 0.1721875 0.7537455 0.03812499999999999 0.09550499999999995
3 0.1978125 0.7602995 0.03562500000000002 0.08614300000000008
3 0.2215625 0.7734084999999999 0.026874999999999982 0.08239699999999994
3 0.2396875 0.7911984999999999 0.029375000000000012 0.09363299999999997
3 0.2659375 0.7602995000000001 0.030625000000000013 0.097379
3 0.4990625 0.7392325 0.448125 0.27434499999999984
3 0.3653125 0.5866104999999999 0.083125 0.12265899999999996
3 0.4240625 0.5674155000000001 0.114375 0.07677900000000004
3 0.42656249999999996 0.284176 0.060624999999999984 0.10580600000000001
3 0.484375 0.161517 0.10874999999999996 0.06273400000000001
3 0.51625 0.3342695 0.10875000000000007 0.089887
3 0.511875 0.44382 0.058750000000000024 0.09737800000000002
3 0.5675 0.437734 0.08624999999999994 0.11329599999999995
3 0.6228125 0.437734 0.08062499999999995 0.10955000000000004
3 0.6534375 0.3169475 0.09562500000000007 0.12078699999999998
3 0.6809375 0.428371 0.140625 0.10955000000000004
3 0.6621875 0.046816500000000004 0.078125 0.09363300000000001
3 0.6634375 0.824906 0.07062499999999994 0.09176000000000006
3 0.6984375 0.4868915 0.083125 0.08426900000000004
3 0.690625 0.247191 0.05500000000000005 0.06554400000000002
3 0.72125 0.559925 0.10875000000000001 0.15355800000000003
3 0.7281249999999999 0.36985 0.04874999999999996 0.09550600000000004
3 0.746875 0.219101 0.06999999999999995 0.08988799999999997
3 0.7490625 0.715356 0.07187500000000002 0.07303399999999982
3 0.745 0.401217 0.04125000000000001 0.12453199999999998
3 0.798125 0.4330525 0.09125000000000005 0.11142300000000005
3 0.80125 0.119382 0.05874999999999997 0.05898800000000001
3 0.82125 0.7097375 0.05999999999999994 0.07677900000000015
3 0.8415625 0.437734 0.07562500000000005 0.11704199999999998
3 0.875625 0.778558 0.053749999999999964 0.072098
3 0.8878125 0.11423199999999999 0.06062499999999993 0.09175999999999998
3 0.9 0.53324 0.08250000000000002 0.107678
3 0.9375 0.312266 0.12375000000000003 0.28370799999999996
3 0.9606250000000001 0.536517 0.07750000000000001 0.07303400000000004
3 0.9612499999999999 0.0304305 0.07625000000000004 0.060861
3 0.9721875 0.113296 0.05437500000000006 0.074906
3 0.9690625 0.6956930000000001 0.03687499999999999 0.06741600000000003
