3 0.009166500000000001 0.265 0.018333000000000002 0.01874999999999999
3 0.0275 0.036875 0.036666 0.03375
3 0.024167 0.1496875 0.024999999999999998 0.010624999999999996
3 0.0475 0.1959375 0.049999999999999996 0.020624999999999977
3 0.07375 0.10500000000000001 0.015833999999999987 0.013749999999999998
3 0.09 0.323125 0.024999999999999994 0.008750000000000036
3 0.1229165 0.3759375 0.045832999999999985 0.015625
3 0.11708350000000001 0.5331250000000001 0.015832999999999986 0.015000000000000013
3 0.1358335 0.0703125 0.043332999999999997 0.015625
3 0.132083 0.4153125 0.017499999999999988 0.011875000000000024
3 0.134583 0.5109375 0.022499999999999992 0.011874999999999969
3 0.1716665 0.490625 0.06166700000000003 0.01874999999999999
3 0.1604165 0.388125 0.010832999999999982 0.008750000000000036
3 0.200417 0.11875 0.0325 0.013749999999999984
3 0.20500000000000002 0.47 0.026665999999999995 0.00874999999999998
3 0.22083350000000002 0.195625 0.018333000000000016 0.013750000000000012
3 0.2425 0.0375 0.03833399999999998 0.0325
3 0.2325 0.276875 0.013334000000000013 0.00874999999999998
3 0.245 0.1615625 0.024999999999999994 0.02437499999999998
3 0.250417 0.0890625 0.03249999999999997 0.008124999999999993
3 0.2666665 0.4128125 0.031667 0.010625000000000051
3 0.31666649999999996 0.37875000000000003 0.023332999999999993 0.009999999999999953
3 0.32 0.195 0.030000000000000027 0.008750000000000008
3 0.339167 0.171875 0.04999999999999999 0.010000000000000009
3 0.3370835 0.249375 0.03583299999999995 0.0050000000000000044
3 0.37458349999999996 0.0959375 0.03916700000000001 0.015625
3 0.37458349999999996 0.17781249999999998 0.029167 0.011874999999999997
3 0.41125 0.1653125 0.03416600000000003 0.00687500000000002
3 0.4245835 0.1190625 0.029167000000000054 0.016875
3 0.43041700000000005 0.46499999999999997 0.02250000000000002 0.00874999999999998
3 0.45 0.2359375 0.030000000000000027 0.008124999999999993
3 0.7183335 0.3684375 0.561667 0.276875
3 0.4704165 0.53 0.02083299999999999 0.018750000000000044
3 0.5079165 0.2103125 0.009166999999999925 0.011874999999999997
3 0.5341670000000001 0.139375 0.019999999999999907 0.013749999999999984
3 0.5708329999999999 0.1471875 0.025000000000000022 0.011875000000000024
3 0.669583 0.1446875 0.022500000000000075 0.00687500000000002
3 0.669583 0.55125 0.01749999999999996 0.013749999999999929
3 0.6741665 0.5321875 0.023333000000000048 0.0068749999999999645
3 0.6845835 0.5178125 0.029166999999999943 0.008124999999999938
3 0.6991665 0.2265625 0.031667 0.016874999999999973
3 0.7166669999999999 0.1178125 0.025000000000000022 0.011874999999999997
3 0.7150000000000001 0.050625 0.013334000000000068 0.017499999999999995
3 0.7741665 0.1875 0.031667 0.013749999999999984
3 0.7870835 0.2171875 0.03416699999999995 0.005624999999999991
3 0.7925 0.176875 0.018334000000000072 0.0037500000000000033
3 0.8029165 0.5528124999999999 0.03416699999999995 0.0068750000000000755
3 0.817917 0.16593750000000002 0.022499999999999964 0.008125000000000021
3 0.836667 0.03375 0.025000000000000022 0.04125
3 0.845 0.2334375 0.04166599999999998 0.04062499999999997
3 0.840417 0.5084375 0.022499999999999964 0.016874999999999973
3 0.8529165000000001 0.179375 0.03416699999999995 0.008750000000000008
3 0.8791665 0.1478125 0.036667000000000005 0.006874999999999992
3 0.8804164999999999 0.235 0.029167000000000054 0.03749999999999998
3 0.929583 0.1684375 0.02749999999999997 0.013124999999999998
3 0.9358335 0.1146875 0.018332999999999933 0.008124999999999993
3 0.94875 0.1315625 0.039166000000000034 0.011875000000000024
3 0.953333 0.0275 0.020000000000000018 0.028750000000000005
