3 0.5331250000000001 0.8391185000000001 0.93125 0.09474700000000003
3 0.10593749999999999 0.3855535 0.038125000000000006 0.016884999999999983
3 0.15375 0.13930599999999999 0.05249999999999999 0.04784200000000002
3 0.19125 0.643996 0.03999999999999998 0.027203999999999895
3 0.24875000000000003 0.5394 0.04250000000000001 0.020637999999999934
3 0.365625 0.20872449999999998 0.036250000000000004 0.032833
3 0.3903125 0.252814 0.04062500000000002 0.04409000000000002
3 0.46468750000000003 0.448874 0.025624999999999953 0.017824000000000007
3 0.47468750000000004 0.457317 0.02812500000000001 0.019699999999999995
3 0.7253125 0.25938100000000003 0.024375000000000036 0.02345200000000003
3 0.73875 0.2462475 0.04625000000000001 0.030957000000000012
3 0.8674999999999999 0.1074105 0.05500000000000005 0.03470900000000002
3 0.8775 0.416041 0.04874999999999996 0.025328000000000017
3 0.9003125000000001 0.5333019999999999 0.018125000000000058 0.017824000000000173
3 0.91125 0.5276735 0.02124999999999999 0.029081000000000135
