3 0.0336915 0.6710069999999999 0.067383 0.182292
3 0.24462899999999999 0.47309049999999997 0.06933599999999995 0.14062499999999994
3 0.29296849999999997 0.702257 0.054686999999999986 0.19618000000000002
3 0.3461915 0.7630205 0.13964899999999997 0.203125
3 0.35644549999999997 0.596354 0.087891 0.15451399999999993
3 0.37695300000000004 0.845486 0.0625 0.1875000000000001
3 0.42822249999999995 0.43576400000000004 0.14160099999999998 0.253472
3 0.5043945 0.7447914999999999 0.12988299999999997 0.16319499999999998
3 0.551758 0.7751735 0.12109400000000003 0.2031250000000001
3 0.6743165 0.6918405000000001 0.10253899999999994 0.17534700000000003
3 0.730469 0.7534725 0.13476600000000005 0.23611100000000007
3 0.71582 0.78125 0.09375 0.25
3 0.746094 0.4557295 0.04101600000000005 0.140625
3 0.838379 0.6796875 0.11230399999999996 0.1545129999999999
3 0.8632815 0.388021 0.13085900000000006 0.213542
3 0.9082034999999999 0.454861 0.078125 0.14930600000000005
3 0.9018554999999999 0.7473955 0.05761700000000003 0.203125
