3 0.18093749999999997 0.609756 0.079375 0.08067599999999997
3 0.11125 0.5220454999999999 0.047500000000000014 0.032833
3 0.255 0.37335850000000004 0.040000000000000036 0.026266999999999985
3 0.3575 0.13743 0.09875 0.10600399999999999
3 0.35062499999999996 0.5717635000000001 0.048750000000000016 0.030957000000000012
3 0.4175 0.2021575 0.06 0.11163299999999998
3 0.43875 0.030018499999999997 0.017500000000000016 0.028142999999999998
3 0.5290625 0.575047 0.116875 0.07316999999999996
3 0.54125 0.8428705000000001 0.09000000000000002 0.11913699999999994
3 0.5618749999999999 0.12711050000000002 0.036250000000000004 0.027205000000000007
3 0.9603125 0.47045 0.06687500000000002 0.04408999999999996
3 0.9537500000000001 0.480769 0.04625000000000001 0.042213999999999974
