3 0.210625 0.574578 0.010000000000000009 0.025328000000000017
3 0.24062499999999998 0.499531 0.01125000000000001 0.02157599999999993
3 0.24624999999999997 0.46575999999999995 0.009999999999999981 0.023451999999999973
3 0.25968749999999996 0.4957785 0.011875000000000024 0.014070999999999945
3 0.63 0.489681 0.73875 0.4559099999999999
3 0.2815625 0.40712950000000003 0.009375000000000022 0.013133000000000006
3 0.2878125 0.47561 0.01687500000000003 0.018762
3 0.315 0.422608 0.008750000000000036 0.01782399999999995
3 0.326875 0.389775 0.009999999999999953 0.017824000000000007
3 0.4303125 0.219043 0.016874999999999973 0.029079999999999995
3 0.625 0.223734 0.011249999999999982 0.023452
3 0.6287499999999999 0.2565665 0.01375000000000004 0.027205000000000007
3 0.6390625 0.1815195 0.016874999999999973 0.05347100000000002
3 0.7093750000000001 0.1468105 0.01375000000000004 0.030957000000000012
3 0.7268749999999999 0.10037499999999999 0.015000000000000013 0.022514000000000006
3 0.826875 0.22654800000000003 0.012499999999999956 0.04033800000000001
3 0.840625 0.22936199999999998 0.007499999999999951 0.019699999999999995
3 0.8490625 0.1008445 0.014374999999999916 0.030957
