3 0.12343749999999999 0.8400675 0.194375 0.11784499999999998
3 0.10875 0.4624015 0.16 0.12345699999999998
3 0.1265625 0.188552 0.093125 0.10774399999999998
3 0.365625 0.773288 0.16375 0.1212120000000001
3 0.3565625 0.15376 0.138125 0.159372
3 0.37968749999999996 0.5555555 0.133125 0.16386099999999998
3 0.6259375 0.7665545 0.23187499999999994 0.145903
3 0.6184375 0.493266 0.13187499999999996 0.13580200000000003
3 0.6287499999999999 0.2272725 0.12124999999999997 0.14927100000000001
3 0.8621875 0.4652075 0.18562499999999993 0.13804699999999998
3 0.8659375 0.8069584999999999 0.18562500000000004 0.17508500000000005
3 0.87375 0.18013449999999998 0.10375000000000001 0.12457899999999997
