3 0.0784375 0.317998 0.12687500000000002 0.18503599999999998
3 0.159375 0.5904955000000001 0.14500000000000002 0.10717900000000002
3 0.13875 0.526289 0.08625000000000001 0.12841200000000003
3 0.1490625 0.8286150000000001 0.08562499999999999 0.06976799999999994
3 0.20468750000000002 0.20070749999999998 0.12562500000000001 0.13245700000000002
3 0.2815625 0.8660265 0.14312500000000003 0.128413
3 0.2728125 0.123357 0.11312499999999998 0.17189
3 0.2803125 0.34074799999999994 0.110625 0.15166799999999997
3 0.2875 0.770475 0.07 0.14964599999999995
3 0.2984375 0.30535900000000005 0.09187499999999998 0.15571200000000002
3 0.3346875 0.29575300000000004 0.12437499999999996 0.140546
3 0.4284375 0.534378 0.075625 0.1365019999999999
3 0.47125000000000006 0.512639 0.10500000000000004 0.17189000000000004
3 0.484375 0.7831140000000001 0.10499999999999998 0.17088000000000003
3 0.5159374999999999 0.624368 0.07437499999999997 0.11830200000000002
3 0.565625 0.8200205 0.05999999999999994 0.08695700000000006
3 0.6025 0.8463095 0.04749999999999999 0.09706700000000001
3 0.724375 0.3114255 0.16749999999999998 0.143579
3 0.7106250000000001 0.48230500000000004 0.09999999999999998 0.1820020000000001
3 0.7865625 0.438827 0.07937500000000008 0.18604600000000004
3 0.8184374999999999 0.41001 0.08437499999999998 0.14459000000000005
