3 0.1021875 0.088483 0.191875 0.092696
3 0.0325 0.5 0.0475 0.06367000000000012
3 0.0990625 0.8141385 0.041874999999999996 0.038389000000000006
3 0.1509375 0.746723 0.06187500000000001 0.057116000000000056
3 0.3265625 0.815075 0.03812500000000002 0.03277200000000002
3 0.4225 0.33239700000000005 0.06624999999999998 0.08801399999999998
3 0.4934375 0.383895 0.078125 0.05805199999999999
3 0.5353125000000001 0.9597375 0.03312499999999996 0.014981000000000133
3 0.6025 0.5683525 0.10875000000000001 0.07677900000000004
3 0.6275 0.9302435 0.05625000000000002 0.03651700000000002
3 0.7190624999999999 0.667603 0.18562500000000004 0.07490600000000003
3 0.6584375 0.9330525 0.013125000000000053 0.01217299999999999
3 0.7415625 0.807116 0.08937499999999998 0.07490600000000003
3 0.7793749999999999 0.8993445 0.06999999999999995 0.047752999999999934
3 0.8465625 0.32397 0.08187499999999992 0.078652
