3 0.09468750000000001 0.29509799999999997 0.025624999999999995 0.08431400000000006
3 0.1396875 0.3186275 0.013124999999999998 0.08431299999999997
3 0.1615625 0.3107845 0.018125000000000002 0.07647100000000001
3 0.1878125 0.33725499999999997 0.016875 0.05097999999999997
3 0.2115625 0.312745 0.015625 0.07647000000000004
3 0.2478125 0.322549 0.019375000000000003 0.08823600000000004
3 0.26656250000000004 0.35196099999999997 0.013124999999999998 0.10392200000000001
3 0.29593749999999996 0.357843 0.023125000000000007 0.06862800000000002
3 0.3178125 0.37156849999999997 0.02312499999999995 0.07254900000000003
3 0.34281249999999996 0.4735295 0.021875000000000033 0.06078499999999998
3 0.3440625 0.3833335 0.016874999999999973 0.07254899999999997
3 0.3690625 0.41274500000000003 0.020625000000000004 0.084314
3 0.40531249999999996 0.4617645 0.021875000000000033 0.06862699999999994
3 0.4296875 0.487255 0.01937500000000003 0.08823599999999998
3 0.5028125 0.540196 0.014375000000000027 0.06470599999999993
3 0.5796875 0.4813725 0.016874999999999973 0.06862699999999994
3 0.6546875 0.3833335 0.013125000000000053 0.07254899999999997
3 0.6834375 0.35980350000000005 0.016874999999999973 0.07254900000000003
3 0.6937500000000001 0.4343135 0.016249999999999987 0.06862700000000005
3 0.7034374999999999 0.348039 0.010624999999999996 0.08039200000000002
3 0.721875 0.30882350000000003 0.011249999999999982 0.09215699999999999
3 0.7371875 0.3833335 0.016874999999999973 0.049019000000000035
3 0.7503124999999999 0.3068625 0.016875000000000084 0.07254899999999997
3 0.76875 0.29313750000000005 0.010000000000000009 0.06862700000000005
3 0.7925 0.285294 0.011249999999999982 0.07647000000000001
3 0.8234375 0.2872545 0.021874999999999978 0.07254899999999997
3 0.8534375 0.2735295 0.015625 0.09215699999999999
3 0.9346875 0.277451 0.014375000000000027 0.07647000000000004
