3 0.130625 0.5570835 0.0775 0.22416699999999995
3 0.2271875 0.5641670000000001 0.06562500000000002 0.10999999999999999
3 0.276875 0.5925 0.026249999999999996 0.043333999999999984
3 0.2896875 0.5554165 0.02562500000000001 0.030833
3 0.3053125 0.5829165000000001 0.023125000000000007 0.05916700000000008
3 0.3421875 0.5904165 0.019374999999999976 0.025832999999999995
3 0.3875 0.49416649999999995 0.03749999999999998 0.10833299999999996
3 0.44125000000000003 0.5045835 0.03999999999999998 0.04583299999999996
3 0.476875 0.49583350000000004 0.04125000000000001 0.04666700000000007
3 0.529375 0.4720835 0.07624999999999998 0.07083299999999992
3 0.573125 0.46875 0.10749999999999993 0.23249999999999998
3 0.60625 0.43833350000000004 0.06500000000000006 0.11333299999999996
3 0.6546875 0.45208349999999997 0.10187499999999994 0.23416699999999996
3 0.6365625 0.44 0.04812499999999997 0.10999999999999999
3 0.7125 0.42625 0.040000000000000036 0.09249999999999997
3 0.7734375 0.46499999999999997 0.161875 0.20500000000000002
3 0.7346874999999999 0.45875 0.08187500000000003 0.17583400000000005
3 0.8153125 0.44708349999999997 0.06687500000000002 0.22416699999999995
3 0.864375 0.4425 0.1087499999999999 0.198334
3 0.9143749999999999 0.4658335 0.11249999999999993 0.141667
