3 0.2 0.374539 0.08125000000000002 0.08671600000000002
3 0.04625 0.8773065 0.0425 0.05166100000000007
3 0.09 0.327952 0.057499999999999996 0.07103399999999999
3 0.18 0.6097785 0.05374999999999999 0.07195499999999999
3 0.249375 0.7818265 0.05125000000000002 0.08394899999999994
3 0.27875 0.8122695 0.05125000000000002 0.03782299999999994
3 0.5159375 0.442343 0.04812500000000003 0.05073800000000006
3 0.5549999999999999 0.5691885 0.05500000000000005 0.08487099999999992
3 0.598125 0.413284 0.04875000000000007 0.07195600000000002
3 0.7581249999999999 0.5747234999999999 0.05124999999999991 0.06273099999999998
