3 0.022514 0.7034374999999999 0.045028 0.04312499999999997
3 0.043151999999999996 0.8171875 0.08630399999999999 0.048125000000000084
3 0.49953100000000006 0.313125 0.9990620000000001 0.15375000000000003
3 0.227017 0.6615625 0.307692 0.07187500000000002
3 0.170732 0.7865625 0.10694200000000002 0.08187500000000003
3 0.22420250000000003 0.92125 0.07692299999999999 0.09250000000000003
3 0.3836775 0.7896875 0.118199 0.034375000000000044
3 0.5014069999999999 0.6584375 0.08724199999999999 0.030625000000000013
3 0.5501875 0.7771874999999999 0.08161299999999982 0.07437499999999997
3 0.6336774999999999 0.6034375 0.07410900000000009 0.06812499999999999
3 0.66182 0.930625 0.10037600000000002 0.06625000000000003
3 0.6782365 0.6053125 0.06191300000000011 0.034375000000000044
3 0.7682925 0.911875 0.10318900000000009 0.11749999999999994
3 0.8832085 0.88125 0.14352699999999996 0.135
