3 0.036875 0.180307 0.04375 0.041774000000000006
3 0.0359375 0.469309 0.025625000000000002 0.026428000000000007
3 0.0378125 0.3968455 0.029375 0.03495300000000001
3 0.0403125 0.07715250000000001 0.024374999999999997 0.028133000000000005
3 0.0378125 0.9292415 0.016875 0.018755000000000188
3 0.05625 0.134697 0.020000000000000004 0.063086
3 0.0678125 0.2382775 0.040624999999999994 0.03836299999999998
3 0.0696875 0.6730605000000001 0.03187500000000001 0.021313000000000026
3 0.06125 0.86786 0.012500000000000004 0.025576000000000043
3 0.080625 0.132992 0.036250000000000004 0.056266
3 0.0784375 0.605712 0.026874999999999996 0.033247999999999944
3 0.078125 0.8704179999999999 0.012500000000000011 0.013639999999999985
3 0.07875 0.690537 0.013750000000000012 0.030689999999999995
3 0.0940625 0.0788575 0.036875000000000005 0.052003
3 0.0990625 0.9219949999999999 0.041874999999999996 0.04347800000000002
3 0.0990625 0.738704 0.026874999999999996 0.04347800000000002
3 0.11499999999999999 0.21014499999999997 0.04875 0.05200399999999997
3 0.1053125 0.1977835 0.026874999999999996 0.023871000000000003
3 0.1065625 0.5895144999999999 0.024374999999999994 0.028133000000000075
3 0.11031250000000001 0.6930945 0.025624999999999995 0.025575000000000014
3 0.105625 0.890452 0.008749999999999994 0.01960799999999996
3 0.1209375 0.2936915 0.02187499999999999 0.03154299999999999
3 0.1384375 0.91688 0.02562500000000001 0.026428000000000118
3 0.1428125 0.0439045 0.02687500000000001 0.052002999999999994
3 0.16312500000000002 0.251918 0.047500000000000014 0.05882400000000004
3 0.159375 0.5613815 0.035 0.03154299999999999
3 0.1903125 0.9057975 0.083125 0.03836300000000015
3 0.19093749999999998 0.263001 0.03312499999999999 0.03324800000000003
3 0.18562499999999998 0.35081000000000007 0.017499999999999988 0.033248
3 0.1928125 0.4658995 0.029374999999999984 0.04347899999999999
3 0.2246875 0.593777 0.044375 0.03665800000000008
3 0.2728125 0.6513215 0.03562500000000002 0.0443309999999999
3 0.289375 0.5157715 0.020000000000000018 0.020461000000000062
3 0.29781250000000004 0.5664965 0.02437499999999998 0.028133000000000075
3 0.3803125 0.8776645000000001 0.18937499999999996 0.09803899999999999
3 0.31 0.3235295 0.036250000000000004 0.03836299999999998
3 0.319375 0.4300935 0.04749999999999999 0.03154299999999993
3 0.3409375 0.304348 0.02562500000000001 0.046035999999999966
3 0.358125 0.16624 0.04750000000000004 0.052856000000000014
3 0.3528125 0.6705030000000001 0.029374999999999984 0.04347800000000002
3 0.365625 0.551577 0.03250000000000003 0.028985999999999956
3 0.385625 0.13043449999999998 0.03875000000000001 0.05115099999999999
3 0.3859375 0.528133 0.026874999999999982 0.03495400000000004
3 0.39 0.560529 0.03249999999999997 0.033248000000000055
3 0.391875 0.10272800000000001 0.03375 0.043478
3 0.4090625 0.254476 0.034375000000000044 0.03665800000000005
3 0.4128125 0.6547315 0.02437499999999998 0.03239499999999995
3 0.41625 0.72208 0.022499999999999964 0.020460000000000034
3 0.416875 0.397698 0.016249999999999987 0.02983800000000003
3 0.441875 0.450128 0.06124999999999997 0.08184199999999991
3 0.4446875 0.277494 0.023125000000000007 0.02301800000000004
3 0.4771875 0.167093 0.07312500000000005 0.07161200000000001
3 0.4565625 0.6321399999999999 0.02437499999999998 0.04347800000000002
3 0.45906250000000004 0.5272805 0.019374999999999976 0.036659
3 0.4909375 0.6628305 0.026875000000000038 0.028132999999999964
3 0.51375 0.099744 0.04375000000000001 0.052856000000000014
3 0.5215625 0.6449275 0.02562500000000001 0.028132999999999964
3 0.54375 0.5588234999999999 0.018749999999999933 0.03324899999999997
3 0.5609375000000001 0.4658995 0.04062500000000002 0.04347899999999999
3 0.568125 0.245951 0.04499999999999993 0.033248
3 0.5809375 0.8751065 0.0631250000000001 0.05370900000000001
3 0.590625 0.511083 0.03874999999999995 0.040068000000000104
3 0.6012500000000001 0.0392155 0.04749999999999999 0.075021
3 0.59625 0.337596 0.032500000000000084 0.05626599999999998
3 0.61875 0.2809035 0.04125000000000001 0.05029900000000004
3 0.6284375 0.132992 0.03187499999999999 0.056266
3 0.62375 0.562234 0.015000000000000013 0.033247999999999944
3 0.6396875 0.30179049999999996 0.01937500000000003 0.022165000000000046
3 0.6578125 0.5831205 0.026874999999999982 0.040920999999999985
3 0.6884375 0.148764 0.051875000000000004 0.060528
3 0.6778125 0.5255755 0.02562500000000001 0.04688899999999996
3 0.6853125 0.660273 0.03312500000000007 0.04006799999999999
3 0.6865625 0.28942900000000005 0.020625000000000004 0.033248
3 0.715625 0.3721225 0.04500000000000004 0.03154299999999999
3 0.7134375 0.41389600000000004 0.028125000000000067 0.036658000000000024
3 0.7365625 0.4083545 0.018124999999999947 0.02898500000000004
3 0.75875 0.297954 0.05249999999999999 0.04006799999999999
3 0.74875 0.6295825 0.030000000000000027 0.05200300000000002
3 0.7540625 0.5434785 0.026874999999999982 0.0315430000000001
3 0.7665625 0.417306 0.03687499999999999 0.02983800000000003
3 0.7809375000000001 0.48422849999999995 0.02937500000000004 0.04603499999999999
3 0.828125 0.2387045 0.04499999999999993 0.04433100000000001
3 0.8303125 0.390878 0.028124999999999956 0.026428000000000007
3 0.875625 0.08312 0.03249999999999997 0.046888000000000006
3 0.8915625 0.40707550000000003 0.04562500000000003 0.03836299999999998
3 0.9134375 0.522592 0.038124999999999964 0.0528559999999999
3 0.9196875 0.3780905 0.03562500000000002 0.03154299999999999
3 0.9265625 0.099744 0.026874999999999982 0.04603599999999998
3 0.93875 0.0763 0.04874999999999996 0.040068000000000006
3 0.9446875 0.5213125000000001 0.026874999999999982 0.03154299999999999
3 0.95875 0.233589 0.050000000000000044 0.040919999999999984
3 0.981875 0.435209 0.03500000000000003 0.045184
