3 0.7418750000000001 0.7491665 0.11124999999999996 0.141667
3 0.02 0.6125 0.04 0.061666
3 0.02625 0.765833 0.0525 0.03499999999999992
3 0.04625 0.365 0.0875 0.15333400000000003
3 0.205625 0.1708335 0.08625 0.11833300000000001
3 0.18937500000000002 0.4575 0.018750000000000017 0.024999999999999967
3 0.2375 0.378333 0.06500000000000003 0.12
3 0.32 0.91 0.05249999999999999 0.040000000000000036
3 0.36 0.2683335 0.10499999999999998 0.236667
3 0.36812500000000004 0.5433334999999999 0.08124999999999999 0.043332999999999955
3 0.40812499999999996 0.393333 0.06375000000000003 0.15000000000000002
3 0.405625 0.8175 0.05375000000000002 0.07499999999999996
3 0.42875 0.673333 0.057499999999999996 0.05999999999999994
3 0.47625000000000006 0.7933330000000001 0.09500000000000003 0.05999999999999994
3 0.46499999999999997 0.0791665 0.03750000000000003 0.041667
3 0.531875 0.305 0.10875000000000007 0.15666599999999997
3 0.56625 0.10416700000000001 0.04249999999999998 0.06500000000000002
3 0.6031249999999999 0.555 0.05625000000000002 0.07333400000000001
3 0.629375 0.1791665 0.09875 0.07833299999999999
3 0.655 0.8241665 0.04500000000000004 0.03833299999999995
3 0.7324999999999999 0.4 0.05999999999999994 0.16999999999999998
3 0.76125 0.423333 0.08999999999999997 0.12
3 0.7793749999999999 0.07083300000000001 0.11124999999999996 0.075
3 0.8875 0.45499999999999996 0.16499999999999992 0.08000000000000002
3 0.878125 0.56 0.07625000000000004 0.136666
3 0.89625 0.665 0.04749999999999999 0.043333999999999984
3 0.9768749999999999 0.47333349999999996 0.04375000000000007 0.05666699999999997
3 0.985625 0.0483335 0.026249999999999996 0.056666999999999995
3 0.99125 0.1616665 0.015000000000000013 0.063333
