3 0.195 0.5224625 0.007500000000000007 0.013310999999999962
3 0.19687500000000002 0.5232945 0.0012500000000000011 0.011646999999999963
3 0.224375 0.6239600000000001 0.0037500000000000033 0.01996600000000004
3 0.30625 0.8244589999999998 0.0025000000000000022 0.0049919999999999964
3 0.31125 0.8227949999999999 0.009999999999999953 0.0016640000000001098
3 0.34125 0.6056575 0.0050000000000000044 0.019967000000000068
3 0.34687500000000004 0.6647255 0.00874999999999998 0.004990999999999968
3 0.383125 0.53411 0.006249999999999978 0.0033279999999999976
3 0.398125 0.5166390000000001 0.003750000000000031 0.0049919999999999964
3 0.40125 0.5740434999999999 0.0025000000000000022 0.013310999999999962
3 0.42874999999999996 0.6023295 0.007500000000000007 0.013311000000000073
3 0.455625 0.6480865 0.006249999999999978 0.01497499999999996
3 0.46187500000000004 0.5557405 0.006250000000000033 0.01663899999999996
3 0.490625 0.5823625 0.011250000000000038 0.0066549999999998555
3 0.5 0.5574045000000001 0.012499999999999956 0.009982999999999964
3 0.50875 0.6064890000000001 0.0050000000000000044 0.0049919999999999964
3 0.518125 0.5865225000000001 0.011250000000000093 0.004990999999999968
3 0.568125 0.6148089999999999 0.006250000000000089 0.0016639999999999988
3 0.583125 0.5083195 0.008750000000000036 0.004991000000000079
3 0.7581249999999999 0.560732 0.0012500000000000844 0.009983999999999993
3 0.784375 0.6314474999999999 0.008749999999999925 0.008318999999999965
3 0.81125 0.5399335000000001 0.0024999999999999467 0.011646999999999852
3 0.910625 0.8502495 0.006249999999999978 0.009983000000000075
