3 0.548125 0.4493435 0.007499999999999951 0.015008999999999939
3 0.569375 0.4587245 0.016249999999999987 0.011256999999999961
3 0.6275 0.4212005 0.015000000000000013 0.013133000000000006
3 0.6481250000000001 0.1022515 0.007499999999999951 0.02439100000000001
3 0.6559375000000001 0.5384614999999999 0.013124999999999942 0.01313299999999995
3 0.655 0.1913695 0.008750000000000036 0.015008999999999995
3 0.6659375000000001 0.5558165 0.013124999999999942 0.014070999999999945
3 0.6853125 0.4268295 0.015625 0.013133000000000006
3 0.696875 0.5722324999999999 0.012499999999999956 0.015008999999999939
3 0.7 0.1683865 0.011249999999999982 0.01594699999999999
3 0.7171875 0.5600375 0.013125000000000053 0.01688500000000004
3 0.7159375 0.252814 0.008124999999999938 0.023451999999999973
3 0.7225 0.15103149999999999 0.010000000000000009 0.01125699999999999
3 0.7225 0.3836775 0.010000000000000009 0.01500900000000005
3 0.72875 0.2720455 0.010000000000000009 0.011256999999999961
3 0.7325 0.160882 0.010000000000000009 0.015948000000000018
3 0.7353125 0.3644465 0.008125000000000049 0.01594699999999999
3 0.7371875 0.4812385 0.0068749999999999645 0.013133000000000006
3 0.7446875 0.26454 0.014374999999999916 0.02251399999999998
3 0.74625 0.5328329999999999 0.008750000000000036 0.016886000000000068
3 0.7709375 0.228893 0.015625 0.013133999999999979
3 0.774375 0.3616325 0.011249999999999982 0.014071
3 0.77625 0.394465 0.014999999999999902 0.01782399999999995
3 0.77875 0.32223250000000003 0.009999999999999898 0.01594699999999999
3 0.78125 0.27626649999999997 0.014999999999999902 0.01594699999999999
3 0.7878125 0.44840499999999994 0.010624999999999996 0.016886000000000012
3 0.788125 0.5473735 0.011249999999999982 0.027205000000000035
3 0.798125 0.315666 0.010000000000000009 0.017824000000000062
3 0.80375 0.36163199999999995 0.008750000000000036 0.017824000000000007
3 0.8178125 0.327861 0.016875000000000084 0.027204000000000006
3 0.8184374999999999 0.28001849999999995 0.010624999999999996 0.008443000000000034
3 0.82125 0.589587 0.007499999999999951 0.01970000000000005
3 0.8365625000000001 0.2232645 0.010624999999999996 0.01688500000000004
3 0.8403125 0.5473729999999999 0.010624999999999996 0.01969999999999994
3 0.8409375 0.4521575 0.009374999999999911 0.01688500000000004
3 0.855 0.6435275 0.011249999999999982 0.015008999999999939
3 0.9221874999999999 0.651032 0.010624999999999996 0.018762000000000056
3 0.9434375 0.5070359999999999 0.016874999999999973 0.019699999999999995
