3 0.5820315 0.6569015 0.10546899999999992 0.14192700000000003
3 0.144043 0.2753905 0.108398 0.13151100000000002
3 0.10791 0.684896 0.016601999999999992 0.02604200000000001
3 0.19335950000000002 0.40169299999999997 0.07031299999999999 0.12630199999999997
3 0.4262695 0.981771 0.04980499999999999 0.03385399999999994
3 0.5537110000000001 0.690104 0.035156000000000076 0.08593799999999996
3 0.751465 0.47526050000000003 0.12402400000000002 0.24218700000000004
3 0.7104495 0.25651 0.02636700000000003 0.059896000000000005
3 0.7583005 0.628906 0.07128899999999994 0.09635399999999994
3 0.834473 0.4355465 0.02050799999999997 0.042969000000000035
3 0.915527 0.9589845 0.04199200000000003 0.042969000000000035
