3 0.82375 0.39625 0.14874999999999994 0.16083400000000003
3 0.0384375 0.525 0.076875 0.15833400000000003
3 0.07468749999999999 0.8929165 0.059375 0.10916700000000001
3 0.2028125 0.889583 0.09687499999999996 0.07750000000000001
3 0.345625 0.41125 0.11875000000000002 0.134166
3 0.4871875 0.39625 0.14312499999999995 0.1375
3 0.458125 0.8995835 0.0625 0.09083299999999994
3 0.535625 0.794583 0.11874999999999997 0.12249999999999994
3 0.5821875 0.8945835 0.06937499999999996 0.10916700000000001
3 0.6428125 0.53625 0.08812500000000001 0.184166
3 0.8831249999999999 0.4933335 0.06999999999999995 0.07333300000000004
