3 0.1515625 0.56375 0.03437500000000002 0.022499999999999964
3 0.15031250000000002 0.594583 0.024375000000000008 0.022499999999999964
3 0.16593750000000002 0.5395835 0.019375000000000003 0.035833000000000004
3 0.17093750000000002 0.599583 0.019375000000000003 0.022499999999999964
3 0.179375 0.525 0.036250000000000004 0.023333999999999966
3 0.17875000000000002 0.56125 0.027499999999999997 0.02416600000000002
3 0.1871875 0.5520835 0.030625000000000013 0.025832999999999995
3 0.1959375 0.4966665 0.02562499999999998 0.03333300000000006
3 0.2103125 0.5445835 0.02562499999999998 0.019166999999999934
3 0.2146875 0.5070835 0.02437499999999998 0.029167
3 0.22468749999999998 0.64375 0.02562499999999998 0.02416600000000002
3 0.235625 0.4929165 0.027500000000000024 0.029166999999999943
3 0.2446875 0.6970835 0.026874999999999982 0.02416699999999994
3 0.24656250000000002 0.7179165000000001 0.028124999999999983 0.02416699999999994
3 0.256875 0.754583 0.03125000000000003 0.022499999999999964
3 0.26 0.48124999999999996 0.013749999999999984 0.02250000000000002
3 0.27375000000000005 0.72125 0.03375 0.020833999999999908
3 0.28031249999999996 0.4795835 0.023125000000000007 0.019167000000000045
3 0.28593749999999996 0.455417 0.029374999999999984 0.022499999999999964
3 0.2925 0.76375 0.034999999999999976 0.019166000000000016
3 0.29625 0.7745835000000001 0.027500000000000024 0.02083299999999999
3 0.30062500000000003 0.3995835 0.03375 0.030833
3 0.3090625 0.38625 0.02437499999999998 0.03250000000000003
3 0.3265625 0.7791669999999999 0.008124999999999993 0.0050000000000000044
3 0.3490625 0.3391665 0.02937500000000004 0.05166700000000002
3 0.3878125 0.3175 0.03187499999999999 0.046665999999999985
3 0.39937500000000004 0.68625 0.027500000000000024 0.015834000000000015
3 0.40156250000000004 0.7291665 0.023125000000000007 0.033332999999999946
3 0.4240625 0.294167 0.02812500000000001 0.04500000000000004
3 0.4878125 0.2608335 0.018125000000000002 0.043332999999999955
3 0.5065625 0.7525 0.04312499999999997 0.08333399999999991
3 0.5103125 0.7308335 0.02437499999999998 0.036667000000000005
3 0.5228125 0.252917 0.023125000000000062 0.03749999999999998
3 0.5615625 0.73375 0.02562500000000001 0.02750000000000008
3 0.5759375 0.8300000000000001 0.023125000000000062 0.013334000000000068
3 0.5871875 0.2229165 0.02562500000000001 0.03916700000000001
3 0.6053124999999999 0.854167 0.018125000000000058 0.020000000000000018
3 0.6403125000000001 0.847083 0.02312499999999995 0.02749999999999997
3 0.6428125 0.2033335 0.028124999999999956 0.04166700000000001
3 0.6640625 0.8654165 0.02937499999999993 0.029167000000000054
3 0.6959375 0.8729165 0.02562500000000001 0.02416700000000005
3 0.7396875 0.8987499999999999 0.030625000000000013 0.014166000000000012
3 0.745625 0.8808335 0.030000000000000027 0.021666999999999992
3 0.7481249999999999 0.16875 0.02749999999999997 0.034166
3 0.8153125 0.8979165 0.024375000000000036 0.03916699999999995
3 0.828125 0.7783329999999999 0.030000000000000027 0.03500000000000003
3 0.8509375 0.824167 0.02562500000000001 0.040000000000000036
3 0.8574999999999999 0.7379165 0.036250000000000004 0.035833000000000004
3 0.9690624999999999 0.1616665 0.02937500000000004 0.04166700000000001
