3 0.3328125 0.2439025 0.198125 0.350845
3 0.0625 0.986867 0.06125 0.024390000000000134
3 0.1809375 0.7345215 0.12437500000000001 0.16135100000000002
3 0.2509375 0.45497200000000004 0.081875 0.06754199999999999
3 0.2890625 0.9657600000000001 0.12812500000000002 0.06660400000000011
3 0.3403125 0.5731710000000001 0.140625 0.12757999999999992
3 0.37625 0.6355535 0.058750000000000024 0.11350900000000008
3 0.3828125 0.8663230000000001 0.06437499999999996 0.08724200000000004
3 0.45718749999999997 0.611632 0.03562499999999996 0.02626600000000001
3 0.52125 0.7016885 0.10250000000000004 0.08442700000000003
3 0.53 0.9160410000000001 0.08500000000000002 0.11350799999999994
3 0.569375 0.7115385 0.10625000000000007 0.13414700000000002
3 0.606875 0.5089115 0.16125 0.271107
3 0.611875 0.3789865 0.0412499999999999 0.07692299999999991
3 0.6390625 0.6318015000000001 0.038124999999999964 0.032833
3 0.7893749999999999 0.4920265 0.04250000000000009 0.027205000000000035
3 0.8453124999999999 0.967636 0.04062500000000002 0.06285200000000013
