3 0.14900000000000002 0.419403 0.034 0.06865600000000005
3 0.191 0.4343285 0.038000000000000006 0.08059700000000003
3 0.375 0.41641799999999995 0.02200000000000002 0.03283599999999992
3 0.46499999999999997 0.43880600000000003 0.025999999999999968 0.07164200000000004
3 0.506 0.41343299999999994 0.02400000000000002 0.03880599999999995
3 0.5529999999999999 0.43880600000000003 0.025999999999999912 0.05970199999999998
3 0.613 0.4298505 0.030000000000000027 0.059701000000000004
3 0.65 0.4298505 0.020000000000000018 0.04776100000000005
3 0.6819999999999999 0.44626850000000007 0.02399999999999991 0.05671699999999996
3 0.8340000000000001 0.45074650000000005 0.04799999999999993 0.05970100000000006
