0 0.5081249999999999 0.21060050000000002 0.20749999999999996 0.299249
0 0.244375 0.5708255 0.036250000000000004 0.04971900000000007
0 0.2725 0.489212 0.036250000000000004 0.06285200000000007
0 0.3103125 0.393058 0.044375 0.06754200000000005
0 0.348125 0.29174449999999996 0.05125000000000002 0.07692300000000002
0 0.5159374999999999 0.410413 0.04062500000000002 0.07035599999999997
0 0.6665625 0.2467165 0.041874999999999996 0.07879899999999998
0 0.725625 0.32551599999999997 0.04249999999999998 0.06754199999999999
0 0.7721875 0.41041249999999996 0.04312499999999997 0.05909899999999996
0 0.81625 0.488274 0.040000000000000036 0.049717999999999984
