1 0.01 0.531895 0.02 0.08442799999999995
1 0.03 0.9357409999999999 0.06 0.07223199999999996
1 0.0921875 0.35975599999999996 0.133125 0.23733599999999994
1 0.10999999999999999 0.6116325 0.04625 0.07879899999999995
1 0.14781249999999999 0.3954035 0.08312499999999999 0.16228899999999996
1 0.3071875 0.3991555 0.06937499999999996 0.11913699999999999
1 0.3515625 0.9742025000000001 0.083125 0.04971900000000007
1 0.4078125 0.9624765000000001 0.06562499999999999 0.0731710000000001
1 0.435 0.5605070000000001 0.057499999999999996 0.10788000000000009
1 0.441875 0.7321759999999999 0.058750000000000024 0.10788000000000009
1 0.493125 0.5079739999999999 0.06874999999999998 0.197936
1 0.7171875000000001 0.696998 0.26937500000000003 0.6041280000000001
1 0.6534375 0.9136960000000001 0.07437500000000008 0.17073200000000022
1 0.8246875 0.824109 0.13312499999999994 0.32364000000000004
1 0.95625 0.944653 0.05249999999999999 0.093808
1 0.98125 0.9099435 0.036250000000000004 0.09756100000000012
1 0.9921875 0.8639775000000001 0.014375000000000027 0.07504699999999986
