1 0.00875 0.699375 0.0175 0.10250000000000004
1 0.0325 0.8628125 0.065 0.073125
1 0.3984375 0.4825 0.700625 0.5875
1 0.07781249999999999 0.86625 0.049374999999999995 0.06625000000000003
1 0.2165625 0.86 0.071875 0.08374999999999999
1 0.4915625 0.826875 0.14562499999999995 0.10124999999999995
1 0.6325000000000001 0.6859375 0.3175 0.38937499999999997
1 0.7215625 0.8165625 0.09562500000000007 0.11812500000000004
1 0.78375 0.3903125 0.1037499999999999 0.156875
1 0.8503125 0.678125 0.23062499999999997 0.36374999999999996
