1 0.015781 0.4073385 0.014949999999999998 0.031094999999999984
1 0.08139550000000001 0.3849505 0.059801 0.09825900000000004
1 0.13995 0.10074649999999999 0.037376000000000006 0.05970099999999999
1 0.137043 0.431592 0.01827200000000001 0.017411999999999983
1 0.142857 0.18097 0.02657799999999999 0.043532000000000015
1 0.1648675 0.2207715 0.01910300000000001 0.03855700000000001
1 0.2005815 0.300373 0.02574700000000002 0.048507999999999996
1 0.19684400000000002 0.38992550000000004 0.016611999999999988 0.031094999999999984
1 0.2138705 0.401741 0.01910299999999998 0.03482599999999997
1 0.22715950000000001 0.1498755 0.01411900000000002 0.03109500000000001
1 0.24169450000000003 0.094527 0.019933000000000006 0.04477600000000001
1 0.26495 0.334577 0.019934000000000007 0.029849999999999988
1 0.2828075 0.36504949999999997 0.04900300000000002 0.08333299999999999
1 0.275332 0.1337065 0.029069999999999985 0.048506999999999995
1 0.30730899999999994 0.1660445 0.023256 0.041045
1 0.322259 0.2126865 0.021594000000000002 0.03233900000000001
1 0.338455 0.0541045 0.020764000000000005 0.033583
1 0.3405315 0.4123135 0.024917000000000022 0.021145000000000025
1 0.36337200000000003 0.377488 0.053986000000000034 0.09079599999999999
1 0.3803985 0.1666665 0.021594999999999975 0.03731300000000001
1 0.4406145 0.10323399999999999 0.03073100000000001 0.05472599999999998
1 0.663621 0.49378099999999997 0.4534879999999999 0.7139299999999998
1 0.4472595 0.2077115 0.015781000000000045 0.02736299999999997
1 0.6403654999999999 0.033582 0.034882999999999886 0.059702000000000005
