0 0.316875 0.6134025000000001 0.09125 0.04592300000000005
0 0.42625 0.43580149999999995 0.09249999999999997 0.06747900000000001
0 0.495625 0.5403 0.04125000000000001 0.045924000000000076
0 0.6415625 0.6101215 0.313125 0.14807900000000007
0 0.52125 0.530459 0.04625000000000007 0.054357999999999906
0 0.6184375 0.3884725 0.08687500000000004 0.060918999999999945
0 0.7171875 0.360356 0.07937499999999997 0.059043999999999985
0 0.8121875000000001 0.29428299999999996 0.07437499999999997 0.05435799999999996
0 0.8190625 0.3364575 0.078125 0.05810700000000002
0 0.8709375 0.32193099999999997 0.02562500000000001 0.04029999999999995
0 0.9165625 0.29896900000000004 0.07062500000000005 0.05248400000000003
