1 0.0346485 0.7065625 0.019249 0.016874999999999973
1 0.0842155 0.7221875 0.018286999999999998 0.016874999999999973
1 0.1150145 0.4815625 0.03176100000000001 0.020625000000000004
1 0.1357075 0.681875 0.021175 0.018750000000000044
1 0.141001 0.46468750000000003 0.031761999999999985 0.021875000000000033
1 0.152069 0.71625 0.021174 0.022500000000000075
1 0.1583255 0.6196875 0.024061 0.020625000000000004
1 0.16746850000000002 0.690625 0.030798999999999993 0.022500000000000075
1 0.19489900000000002 0.5515625 0.024062000000000028 0.020625000000000004
1 0.248797 0.5903125 0.025986000000000037 0.020625000000000004
1 0.2540905 0.6134375 0.015399000000000024 0.015625
1 0.5028874999999999 0.26749999999999996 0.3705489999999999 0.27875
1 0.3503365 0.5546875 0.02309899999999998 0.016874999999999973
1 0.381617 0.5193749999999999 0.024061999999999972 0.015000000000000013
1 0.46487049999999996 0.4965625 0.026948999999999945 0.01687500000000003
1 0.5832535 0.495625 0.05197300000000005 0.03625000000000006
1 0.73051 0.5615625 0.021174000000000026 0.016874999999999973
1 0.8715115 0.18312499999999998 0.03946100000000008 0.027499999999999997
