1 0.060625 0.4697945 0.08499999999999999 0.17609300000000006
1 0.3615625 0.8695375 0.37687500000000007 0.2583549999999999
1 0.329375 0.6844475 0.09749999999999998 0.16838100000000011
1 0.4859375 0.348972 0.25312500000000004 0.582262
1 0.42 0.6053985000000001 0.11375000000000002 0.22622100000000006
1 0.5571875000000001 0.6818765 0.12187500000000001 0.21722300000000005
1 0.551875 0.933162 0.040000000000000036 0.12339400000000011
1 0.630625 0.9087405 0.16749999999999998 0.17994899999999991
1 0.6925 0.36953749999999996 0.2562500000000001 0.4665809999999999
1 0.7734375 0.6928019999999999 0.33562500000000006 0.611826
1 0.9215625000000001 0.2448585 0.155625 0.489717
1 0.93125 0.47236500000000003 0.13624999999999998 0.28663200000000005
1 0.954375 0.7634965 0.08999999999999997 0.4704369999999999
1 0.9525 0.6433165000000001 0.05125000000000002 0.12467899999999998
