0 0.018125 0.459516 0.03625 0.06928199999999995
0 0.0575 0.4774625 0.115 0.0918190000000001
0 0.10125 0.510434 0.2025 0.14607599999999998
0 0.038125 0.4140235 0.0575 0.015024999999999955
0 0.036875000000000005 0.42404000000000003 0.0425 0.011685999999999974
0 0.25156249999999997 0.4190315 0.030624999999999986 0.016695000000000015
0 0.35375 0.409432 0.16125 0.07595999999999997
0 0.5475 0.4599335 0.32125 0.15525900000000004
0 0.5209375 0.412354 0.17562500000000003 0.09182000000000007
0 0.7593749999999999 0.4236225 0.255 0.13439100000000004
0 0.9750000000000001 0.44490850000000004 0.04874999999999996 0.010016999999999998
