1 0.0028125 0.4305815 0.005625 0.018760999999999917
1 0.0034375 0.31238299999999997 0.006875 0.02063799999999999
1 0.0040625 0.26547849999999995 0.008125 0.015008999999999995
1 0.0046875 0.393527 0.009375 0.02157600000000004
1 0.0059375 0.286585 0.011875 0.023451999999999973
1 0.01125 0.458724 0.013749999999999998 0.016885999999999957
1 0.0253125 0.242495 0.014375000000000002 0.019699999999999995
1 0.03375 0.3095685 0.0125 0.018760999999999972
1 0.036250000000000004 0.580675 0.012500000000000004 0.022514000000000034
1 0.0403125 0.35318950000000005 0.014374999999999999 0.019698999999999967
1 0.04 0.284709 0.012499999999999997 0.015947999999999962
1 0.04375 0.574109 0.0075 0.020637999999999934
1 0.0509375 0.4080675 0.018124999999999995 0.01688500000000004
1 0.055625 0.812383 0.013749999999999998 0.022513999999999923
1 0.06 0.5375235 0.013750000000000005 0.018760999999999917
1 0.061875 0.5182929999999999 0.012500000000000004 0.023451999999999917
1 0.0671875 0.333021 0.011874999999999997 0.018762
1 0.06875 0.29268299999999997 0.013749999999999998 0.028142
1 0.0715625 0.334897 0.010624999999999996 0.022514000000000034
1 0.080625 0.303002 0.012499999999999997 0.022514000000000034
1 0.08374999999999999 0.34287049999999997 0.008749999999999994 0.019698999999999967
1 0.08687500000000001 0.627111 0.011249999999999996 0.01970000000000005
1 0.0875 0.246248 0.012499999999999997 0.019699999999999995
1 0.08937500000000001 0.33395850000000005 0.015 0.013133000000000006
1 0.0953125 0.292683 0.014374999999999999 0.016886000000000012
1 0.0990625 0.311914 0.014374999999999999 0.017824000000000007
1 0.0984375 0.351313 0.010624999999999996 0.025328000000000017
1 0.10875 0.332083 0.012500000000000011 0.02063799999999999
1 0.110625 0.36491549999999995 0.01125000000000001 0.016884999999999983
1 0.115625 0.42448400000000003 0.011249999999999996 0.01782399999999995
1 0.115625 0.21247700000000003 0.007499999999999993 0.021576000000000012
1 0.1196875 0.317542 0.011874999999999983 0.019699999999999995
1 0.12343749999999999 0.335835 0.011874999999999997 0.020638000000000045
1 0.1246875 0.206848 0.013125000000000012 0.02157600000000004
1 0.12468749999999999 0.39165099999999997 0.009374999999999994 0.017824000000000007
1 0.1290625 0.294559 0.013124999999999998 0.016886000000000012
1 0.135625 0.4620075 0.010000000000000009 0.015947000000000044
1 0.14125 0.340994 0.01125000000000001 0.023451999999999973
1 0.1478125 0.3860225 0.006874999999999992 0.015947000000000044
1 0.16562500000000002 0.39493449999999997 0.008750000000000008 0.015008999999999995
1 0.1746875 0.216229 0.015625 0.01782399999999998
1 0.1753125 0.31894900000000004 0.013124999999999998 0.02251399999999998
1 0.18125000000000002 0.394934 0.01125000000000001 0.018762
1 0.18125000000000002 0.4188555 0.008750000000000008 0.017823000000000033
1 0.184375 0.33442800000000006 0.009999999999999981 0.019699999999999995
1 0.1959375 0.398687 0.010625000000000023 0.018762
1 0.1971875 0.3874295 0.013124999999999998 0.011257000000000017
1 0.2003125 0.47373350000000003 0.011874999999999997 0.015008999999999995
1 0.2059375 0.31332099999999996 0.013124999999999998 0.015010000000000023
1 0.2071875 0.458255 0.015625 0.02345200000000003
1 0.20625 0.373827 0.009999999999999981 0.02345200000000003
1 0.20875 0.293621 0.014999999999999986 0.018762
1 0.2109375 0.9915575000000001 0.019374999999999976 0.01500900000000005
1 0.21125 0.4075985 0.010000000000000009 0.021574999999999955
1 0.215625 0.25422100000000003 0.013750000000000012 0.02063799999999999
1 0.215625 0.3775795 0.0062500000000000056 0.015947000000000044
1 0.2240625 0.49202599999999996 0.013124999999999998 0.021575999999999984
1 0.240625 0.29080649999999997 0.012500000000000011 0.013133000000000006
1 0.241875 0.378518 0.012500000000000011 0.021575999999999984
1 0.241875 0.413696 0.010000000000000009 0.015010000000000079
1 0.245 0.402908 0.008750000000000008 0.014071999999999973
1 0.24906250000000002 0.2804875 0.011874999999999997 0.011256999999999961
1 0.2575 0.416979 0.010000000000000009 0.02157600000000004
1 0.259375 0.37570349999999997 0.011250000000000038 0.01594699999999999
1 0.264375 0.4634145 0.011250000000000038 0.016884999999999928
1 0.265625 0.399625 0.011249999999999982 0.016885999999999957
1 0.270625 0.349906 0.011249999999999982 0.020638000000000045
1 0.27125 0.446998 0.010000000000000009 0.019699999999999995
1 0.27531249999999996 0.414165 0.008124999999999993 0.015948000000000073
1 0.27718750000000003 0.5272045000000001 0.011875000000000024 0.015008999999999939
1 0.2790625 0.363508 0.013124999999999998 0.02157600000000004
1 0.28375 0.4803005 0.011249999999999982 0.013133000000000006
1 0.285625 0.446998 0.012500000000000011 0.015948000000000073
1 0.28500000000000003 0.5150095 0.00874999999999998 0.01688500000000004
1 0.291875 0.5051595 0.010000000000000009 0.01782300000000009
1 0.294375 0.673546 0.012499999999999956 0.016886000000000068
1 0.3059375 0.600844 0.013124999999999998 0.017824000000000062
1 0.30874999999999997 0.5028144999999999 0.007500000000000007 0.009381000000000028
1 0.31375 0.5290805000000001 0.012500000000000011 0.01500900000000005
1 0.315625 0.611632 0.011249999999999982 0.022514000000000034
1 0.31999999999999995 0.6772985 0.012500000000000011 0.016884999999999928
1 0.32281249999999995 0.4202625 0.013124999999999998 0.015008999999999995
1 0.321875 0.5 0.00874999999999998 0.015010000000000023
1 0.3225 0.458255 0.007500000000000007 0.015947999999999962
1 0.3259375 0.4075985 0.011874999999999969 0.014071
1 0.3284375 0.5459660000000001 0.011874999999999969 0.018761999999999945
1 0.3309375 0.393058 0.009375000000000022 0.015009999999999968
1 0.3325 0.5684804999999999 0.006250000000000033 0.01313299999999995
1 0.33562499999999995 0.3541275 0.012500000000000011 0.017823000000000033
1 0.34187500000000004 0.489681 0.012500000000000011 0.016885999999999957
1 0.341875 0.5290805000000001 0.010000000000000009 0.01500900000000005
1 0.343125 0.380863 0.010000000000000009 0.013133999999999979
1 0.344375 0.4113505 0.012500000000000011 0.014070999999999945
1 0.345625 0.565666 0.010000000000000009 0.015009999999999968
1 0.34750000000000003 0.5182925 0.00874999999999998 0.014071000000000056
1 0.3490625 0.5848964999999999 0.011874999999999969 0.012194999999999956
1 0.3559375 0.6139775000000001 0.010624999999999996 0.015947000000000044
1 0.3565625 0.49343349999999997 0.009375000000000022 0.016884999999999983
1 0.3584375 0.4821765 0.010624999999999996 0.016884999999999983
1 0.364375 0.60788 0.01375000000000004 0.018761999999999945
1 0.366875 0.653377 0.011249999999999982 0.017824000000000062
1 0.36750000000000005 0.5060975 0.007500000000000007 0.019699000000000078
1 0.36875 0.530019 0.010000000000000009 0.016885999999999957
1 0.37187499999999996 0.40478400000000003 0.00874999999999998 0.017824000000000007
1 0.37312500000000004 0.5839584999999999 0.00874999999999998 0.014070999999999945
1 0.3753125 0.5562849999999999 0.010624999999999996 0.018762000000000056
1 0.3815625 0.403846 0.008124999999999993 0.015947999999999962
1 0.3821875 0.488743 0.00687500000000002 0.015009999999999968
1 0.3840625 0.665572 0.009374999999999967 0.023451999999999917
1 0.38625 0.47514100000000004 0.011249999999999982 0.019699999999999995
1 0.38625 0.5802065000000001 0.011249999999999982 0.017823000000000033
1 0.38875 0.7349905000000001 0.011249999999999982 0.017823000000000033
1 0.389375 0.510788 0.012500000000000011 0.017824000000000062
1 0.391875 0.627111 0.009999999999999953 0.01970000000000005
1 0.39249999999999996 0.49437149999999996 0.00874999999999998 0.015008999999999995
1 0.393125 0.46247650000000007 0.010000000000000009 0.013133000000000006
1 0.396875 0.241557 0.010000000000000009 0.015948000000000018
1 0.396875 0.5384614999999999 0.010000000000000009 0.015008999999999939
1 0.3996875 0.7002815 0.013124999999999998 0.017823000000000144
1 0.399375 0.501876 0.010000000000000009 0.015010000000000079
1 0.399375 0.6149155 0.010000000000000009 0.017823000000000033
1 0.4071875 0.4849905 0.010624999999999996 0.011256999999999961
1 0.411875 0.39212 0.011249999999999982 0.015010000000000023
1 0.41125 0.4948405 0.007500000000000007 0.019698999999999967
1 0.414375 0.5150095 0.006249999999999978 0.01688500000000004
1 0.4175 0.620544 0.007500000000000007 0.017824000000000062
1 0.41875 0.5905255 0.010000000000000009 0.015946999999999933
1 0.41875 0.6693245000000001 0.010000000000000009 0.014071000000000056
1 0.421875 0.518762 0.011249999999999982 0.016886000000000068
1 0.42 0.49530949999999996 0.0050000000000000044 0.009381000000000028
1 0.4225 0.6763604999999999 0.010000000000000009 0.015008999999999939
1 0.423125 0.5403375 0.00874999999999998 0.01500900000000005
1 0.4278125 0.5356475 0.010624999999999996 0.016884999999999928
1 0.4284375 0.496248 0.009374999999999967 0.018762
1 0.4303125 0.563321 0.010624999999999996 0.015947999999999962
1 0.4340625 0.5525329999999999 0.010624999999999996 0.005628000000000077
1 0.4353125 0.620544 0.010624999999999996 0.017824000000000062
1 0.448125 0.5431520000000001 0.010000000000000009 0.013133999999999868
1 0.448125 0.6913695 0.010000000000000009 0.018760999999999917
1 0.4528125 0.641651 0.011874999999999969 0.016885999999999957
1 0.45343750000000005 0.5731705 0.013124999999999998 0.01500900000000005
1 0.4534375 0.46857400000000005 0.010624999999999996 0.014072000000000029
1 0.4525 0.5595684999999999 0.006249999999999978 0.015947000000000044
1 0.4553125 0.4484055 0.011874999999999969 0.015008999999999995
1 0.4559375 0.5924015 0.010624999999999996 0.015947000000000044
1 0.4596875 0.542214 0.008124999999999993 0.015009999999999968
1 0.45999999999999996 0.5614445 0.0025000000000000022 0.012194999999999956
1 0.46499999999999997 0.4648215 0.012500000000000011 0.010319000000000023
1 0.465625 0.618668 0.011249999999999982 0.01782399999999995
1 0.47 0.4713885 0.012500000000000011 0.015947000000000044
1 0.47625 0.965291 0.016249999999999987 0.024390000000000134
1 0.475 0.51454 0.010000000000000009 0.02157599999999993
1 0.47562499999999996 0.4774855 0.011250000000000038 0.011257000000000073
1 0.4815625 0.583959 0.010624999999999996 0.017824000000000062
1 0.4821875 0.30393950000000003 0.009375000000000022 0.011257000000000017
1 0.49312500000000004 0.6482175 0.007500000000000007 0.01688500000000004
1 0.51625 0.32879899999999995 0.012499999999999956 0.019699999999999995
1 0.516875 0.6655725 0.008750000000000036 0.014070999999999945
1 0.525 0.3982175 0.010000000000000009 0.01594699999999999
1 0.5334375 0.48452149999999994 0.009374999999999911 0.023453
1 0.5378125 0.6219515 0.010624999999999996 0.01313299999999995
1 0.544375 0.30769250000000004 0.008749999999999925 0.015008999999999995
1 0.545625 0.4240149999999999 0.010000000000000009 0.013134000000000035
1 0.54625 0.38508450000000005 0.008750000000000036 0.01594699999999999
1 0.5487500000000001 0.6036585 0.008749999999999925 0.01969899999999991
1 0.5559375 0.5661349999999999 0.010624999999999996 0.017824000000000062
1 0.558125 0.329737 0.008750000000000036 0.02157600000000004
1 0.5646875 0.3320825 0.0068749999999999645 0.009380999999999973
1 0.565 0.378987 0.007499999999999951 0.015009999999999968
1 0.5678125 0.20872400000000002 0.013124999999999942 0.01594799999999999
1 0.569375 0.390713 0.011249999999999982 0.01219600000000004
1 0.57375 0.3180115 0.013749999999999929 0.009380999999999973
1 0.5762499999999999 0.24812350000000002 0.008749999999999925 0.014071
1 0.5775 0.33255199999999996 0.008750000000000036 0.019699999999999995
1 0.5903125 0.28470949999999995 0.009375000000000022 0.014071
1 0.595 0.2804875 0.010000000000000009 0.01313299999999995
1 0.6071875 0.5605065 0.013125000000000053 0.017823000000000033
1 0.605625 0.304878 0.008750000000000036 0.02063799999999999
1 0.6165624999999999 0.29315199999999997 0.010624999999999996 0.017824000000000007
1 0.6396875 0.423077 0.008125000000000049 0.016885999999999957
1 0.6428125 0.315197 0.01187500000000008 0.018762000000000056
1 0.6453125 0.337711 0.011874999999999969 0.016886000000000012
1 0.6487499999999999 0.3752345 0.012500000000000067 0.018760999999999972
1 0.650625 0.389306 0.011249999999999982 0.016885999999999957
1 0.653125 0.424953 0.01375000000000004 0.016885999999999957
1 0.67125 0.4287055000000001 0.008750000000000036 0.015008999999999995
1 0.6825 0.360694 0.011249999999999982 0.01782399999999995
1 0.683125 0.28752350000000004 0.012499999999999956 0.014071
1 0.6959375000000001 0.5136025 0.010624999999999996 0.015947000000000044
1 0.705625 0.335835 0.011250000000000093 0.013133999999999979
1 0.7196875 0.3836775 0.009375000000000022 0.016884999999999983
1 0.7865625 0.497186 0.016875000000000084 0.02063799999999999
1 0.7903125 0.4047839999999999 0.014375000000000027 0.02532799999999996
1 0.7940625 0.47138800000000003 0.01187500000000008 0.019699999999999995
1 0.7965625000000001 0.4559095 0.011874999999999969 0.011256999999999961
1 0.8125 0.4193245 0.012499999999999956 0.01500900000000005
1 0.8362499999999999 0.46529049999999994 0.016249999999999987 0.015008999999999995
1 0.8496875 0.621013 0.015625 0.020638000000000045
1 0.8509375 0.8015945 0.015625 0.032833
1 0.856875 0.590525 0.01375000000000004 0.01782399999999995
1 0.8646875 0.54409 0.016875000000000084 0.015009999999999857
1 0.87875 0.477017 0.011249999999999982 0.019699999999999995
1 0.9434374999999999 0.50985 0.013124999999999942 0.01970000000000005
1 0.9471875000000001 0.8105065 0.010624999999999996 0.018761000000000028
1 0.961875 0.5267355 0.011249999999999982 0.019699000000000133
1 0.9753125 0.551126 0.015625 0.025328000000000017
